2.32677459717e-05
2.2675037384e-05
2.26783752441e-05
2.25443840027e-05
2.38772630692e-05
2.27440595627e-05
2.25564241409e-05
2.29693651199e-05
2.30127573013e-05
2.26718187332e-05
2.25212574005e-05
2.24496126175e-05
2.25032567978e-05
2.24558115005e-05
2.26236581802e-05
2.26248502731e-05
2.26439237595e-05
2.26222276688e-05
2.26943492889e-05
2.27249860764e-05
2.29218006134e-05
2.26179361343e-05
2.26231813431e-05
2.26296186447e-05
2.4986743927e-05
2.27361917496e-05
2.26922035217e-05
2.28397846222e-05
2.38571166992e-05
2.29269266129e-05
2.28066444397e-05
2.27513313293e-05
2.31209993362e-05
2.27518081665e-05
2.28312015533e-05
2.26188898087e-05
2.2668838501e-05
2.26349830627e-05
2.27030515671e-05
2.32100486755e-05
2.35508680344e-05
2.26682424545e-05
2.27127075195e-05
2.26137638092e-05
2.27851867676e-05
2.27354764938e-05
2.27490663528e-05
2.2976398468e-05
2.30582952499e-05
2.28724479675e-05
2.2825717926e-05
2.27088928223e-05
2.27824449539e-05
2.35401391983e-05
2.28680372238e-05
2.26677656174e-05
2.27344036102e-05
2.26757526398e-05
2.28190422058e-05
2.27924585342e-05
2.28332281113e-05
2.27710008621e-05
2.31224298477e-05
2.27956771851e-05
2.38243341446e-05
2.27745771408e-05
2.42621898651e-05
2.29643583298e-05
2.286195755e-05
2.28670835495e-05
2.27905511856e-05
2.28167772293e-05
2.27506160736e-05
2.27117538452e-05
2.31088399887e-05
2.28527784348e-05
2.28532552719e-05
2.27615833282e-05
2.28596925735e-05
2.27358341217e-05
2.28205919266e-05
2.27377414703e-05
2.28819847107e-05
2.3113489151e-05
2.2834777832e-05
2.27488279343e-05
2.41281986237e-05
2.29176282883e-05
2.27648019791e-05
2.2888302803e-05
2.36045122147e-05
2.26800441742e-05
2.27797031403e-05
2.27880477905e-05
2.28593349457e-05
2.31088399887e-05
2.39719152451e-05
2.29976177216e-05
2.28748321533e-05
2.28394269943e-05
2.28114128113e-05
2.29072570801e-05
2.30230093002e-05
2.30726003647e-05
2.2851228714e-05
2.29001045227e-05
2.43314504623e-05
2.3583650589e-05
2.29238271713e-05
2.30133533478e-05
2.29843854904e-05
2.28652954102e-05
2.28986740112e-05
2.28222608566e-05
2.3086309433e-05
2.33634710312e-05
2.31781005859e-05
2.29074954987e-05
2.29632854462e-05
2.31047868729e-05
2.301466465e-05
2.30634212494e-05
2.28340625763e-05
2.33755111694e-05
2.27946043015e-05
2.28990316391e-05
2.29246616364e-05
2.35908031464e-05
2.29799747467e-05
2.29839086533e-05
2.34154462814e-05
2.30655670166e-05
2.31181383133e-05
2.31202840805e-05
2.3122549057e-05
2.32576131821e-05
2.30107307434e-05
2.2979259491e-05
2.29666233063e-05
2.29728221893e-05
2.30002403259e-05
2.30233669281e-05
2.32189893723e-05
2.31444835663e-05
2.31293439865e-05
2.32112407684e-05
2.51103639603e-05
2.32838392258e-05
2.30896472931e-05
2.3992061615e-05
2.34792232513e-05
2.33145952225e-05
2.32778787613e-05
2.31937170029e-05
2.31930017471e-05
2.31965780258e-05
2.31549739838e-05
2.32175588608e-05
2.32224464417e-05
2.3334145546e-05
2.32580900192e-05
2.31684446335e-05
2.32000350952e-05
2.3157954216e-05
2.31157541275e-05
2.30846405029e-05
2.49900817871e-05
2.34093666077e-05
2.31122970581e-05
2.31602191925e-05
2.31274366379e-05
2.31405496597e-05
2.32628583908e-05
2.31871604919e-05
2.30618715286e-05
2.31189727783e-05
2.31648683548e-05
2.31689214706e-05
2.30730772018e-05
2.30474472046e-05
2.29080915451e-05
2.30964422226e-05
2.30814218521e-05
2.32053995132e-05
2.30810642242e-05
2.3116350174e-05
2.31124162674e-05
2.31994390488e-05
2.31657028198e-05
2.30988264084e-05
2.30849981308e-05
2.32985019684e-05
2.01859474182e-05
2.00011730194e-05
2.00448036194e-05
2.01669931412e-05
2.02096700668e-05
2.0109295845e-05
2.006316185e-05
2.01897621155e-05
2.00608968735e-05
2.00018882751e-05
2.00623273849e-05
1.99813842773e-05
2.0000576973e-05
2.0158290863e-05
2.00748443604e-05
2.01182365417e-05
2.00572013855e-05
2.0488858223e-05
2.02416181564e-05
2.00024843216e-05
2.00978517532e-05
2.01491117477e-05
2.00259685516e-05
2.0024895668e-05
2.00576782227e-05
2.00566053391e-05
2.00519561768e-05
2.00663805008e-05
2.01647281647e-05
1.99346542358e-05
1.99933052063e-05
1.99397802353e-05
1.99826955795e-05
1.99429988861e-05
2.00531482697e-05
1.99406147003e-05
1.99898481369e-05
1.9984126091e-05
2.00427770615e-05
2.02884674072e-05
2.01010704041e-05
2.0037651062e-05
2.00827121735e-05
2.00721025467e-05
2.00628042221e-05
1.99835300446e-05
2.00334787369e-05
1.99887752533e-05
2.00653076172e-05
2.00090408325e-05
2.00330018997e-05
1.99776887894e-05
2.00303792953e-05
2.00768709183e-05
2.00905799866e-05
2.00105905533e-05
2.00926065445e-05
2.00196504593e-05
2.00834274292e-05
1.99989080429e-05
2.01103687286e-05
2.01013088226e-05
2.01208591461e-05
2.00924873352e-05
2.01423168182e-05
2.01289653778e-05
2.00928449631e-05
2.01040506363e-05
2.0131111145e-05
2.01632976532e-05
2.01870203018e-05
2.00898647308e-05
2.00846195221e-05
2.00500488281e-05
2.01884508133e-05
2.00967788696e-05
2.01926231384e-05
2.01208591461e-05
2.00828313828e-05
2.00667381287e-05
2.0100235939e-05
2.23823785782e-05
2.03629732132e-05
2.01382637024e-05
2.02620029449e-05
2.00796127319e-05
2.01191902161e-05
2.01033353806e-05
2.01001167297e-05
2.01262235641e-05
2.01617479324e-05
2.00796127319e-05
2.01227664948e-05
2.00499296188e-05
2.00572013855e-05
2.00080871582e-05
2.00655460358e-05
2.00130939484e-05
2.00802087784e-05
2.01072692871e-05
2.00868844986e-05
2.00765132904e-05
2.10540294647e-05
2.17889547348e-05
2.02944278717e-05
2.04495191574e-05
2.04383134842e-05
2.02254056931e-05
2.0276427269e-05
2.02164649963e-05
2.0271897316e-05
2.02382802963e-05
2.02484130859e-05
2.01517343521e-05
2.02122926712e-05
2.02239751816e-05
2.02032327652e-05
2.01721191406e-05
2.03264951706e-05
2.0250082016e-05
2.03231573105e-05
2.03747749329e-05
2.11250782013e-05
2.0537853241e-05
2.04390287399e-05
2.03194618225e-05
2.03983783722e-05
2.02881097794e-05
2.0334482193e-05
2.02753543854e-05
2.03095674515e-05
2.03140974045e-05
2.03338861465e-05
2.02724933624e-05
2.02620029449e-05
2.021920681e-05
2.02739238739e-05
2.02434062958e-05
2.04073190689e-05
2.04384326935e-05
2.0330786705e-05
2.03273296356e-05
2.02357769012e-05
2.03943252563e-05
2.05779075623e-05
2.02556848526e-05
2.03019380569e-05
2.02585458755e-05
2.02627182007e-05
2.04132795334e-05
2.03320980072e-05
2.02901363373e-05
2.03437805176e-05
2.0330786705e-05
2.02704668045e-05
2.0256280899e-05
2.02821493149e-05
2.01432704926e-05
2.02089548111e-05
2.03591585159e-05
2.03658342361e-05
2.0124912262e-05
2.01544761658e-05
2.01555490494e-05
2.02931165695e-05
2.03071832657e-05
2.02767848969e-05
2.14706659317e-05
2.0280957222e-05
2.02320814133e-05
2.02497243881e-05
2.00915336609e-05
2.01402902603e-05
2.01389789581e-05
2.01992988586e-05
2.0143032074e-05
2.0263671875e-05
2.01450586319e-05
2.01667547226e-05
2.00635194778e-05
2.01367139816e-05
2.00786590576e-05
2.01318264008e-05
2.01025009155e-05
2.01088190079e-05
2.01327800751e-05
2.03266143799e-05
2.02406644821e-05
2.02821493149e-05
2.02184915543e-05
2.09580659866e-05
2.0430803299e-05
2.03218460083e-05
2.02608108521e-05
2.02424526215e-05
2.02404260635e-05
2.03064680099e-05
2.02050209045e-05
2.02397108078e-05
2.02040672302e-05
2.02621221542e-05
2.02618837357e-05
2.04315185547e-05
2.02333927155e-05
2.03610658646e-05
2.02122926712e-05
2.03578472137e-05
2.03784704208e-05
2.03649997711e-05
2.03816890717e-05
2.03342437744e-05
2.03889608383e-05
2.04970836639e-05
2.03431844711e-05
2.04658508301e-05
2.03546285629e-05
2.03788280487e-05
2.0352602005e-05
2.03905105591e-05
2.02655792236e-05
2.03408002853e-05
2.02723741531e-05
2.02465057373e-05
2.02881097794e-05
2.03236341476e-05
2.02910900116e-05
2.02513933182e-05
2.04048156738e-05
2.03049182892e-05
2.06124782562e-05
2.04094648361e-05
2.04057693481e-05
2.05309391022e-05
2.16574668884e-05
2.05377340317e-05
2.04168558121e-05
2.0316362381e-05
2.04073190689e-05
2.03166007996e-05
2.03197002411e-05
2.02859640121e-05
2.02569961548e-05
2.02443599701e-05
2.0327091217e-05
2.0334482193e-05
2.04368829727e-05
2.03963518143e-05
2.03901529312e-05
2.04553604126e-05
2.04070806503e-05
2.18807458878e-05
2.03763246536e-05
2.04092264175e-05
2.0406126976e-05
2.08650827408e-05
2.03444957733e-05
2.02647447586e-05
2.02707052231e-05
2.03915834427e-05
2.05569267273e-05
2.02746391296e-05
2.03334093094e-05
2.02398300171e-05
2.02220678329e-05
2.02676057816e-05
2.03740596771e-05
2.0348906517e-05
2.04581022263e-05
2.02310085297e-05
2.02667713165e-05
2.04006433487e-05
2.03737020493e-05
2.02120542526e-05
2.03312635422e-05
2.04703807831e-05
2.03129053116e-05
2.02881097794e-05
2.03105211258e-05
2.0259141922e-05
2.04600095749e-05
2.10881233215e-05
2.05074548721e-05
2.03502178192e-05
2.02844142914e-05
2.03226804733e-05
2.02878713608e-05
2.04581022263e-05
2.05101966858e-05
2.05554962158e-05
2.02960968018e-05
2.03458070755e-05
2.03907489777e-05
2.0586848259e-05
2.0516037941e-05
2.04387903214e-05
2.03768014908e-05
2.04383134842e-05
2.03804969788e-05
2.03903913498e-05
2.04994678497e-05
2.04347372055e-05
2.04010009766e-05
2.04254388809e-05
2.03528404236e-05
2.03905105591e-05
2.03541517258e-05
2.04095840454e-05
2.03484296799e-05
2.04232931137e-05
2.03219652176e-05
2.04170942307e-05
2.03894376755e-05
2.04606056213e-05
2.03838348389e-05
2.04322338104e-05
2.03819274902e-05
2.04019546509e-05
2.03692913055e-05
2.04783678055e-05
2.03832387924e-05
2.04730033875e-05
2.04375982285e-05
2.05272436142e-05
2.03764438629e-05
2.03905105591e-05
2.02958583832e-05
2.03864574432e-05
2.02808380127e-05
2.0390868187e-05
2.03636884689e-05
2.04445123672e-05
2.04145908356e-05
2.0357131958e-05
2.02865600586e-05
2.15497016907e-05
2.03605890274e-05
2.04442739487e-05
2.03320980072e-05
2.04081535339e-05
2.03986167908e-05
2.05891132355e-05
2.04614400864e-05
2.04067230225e-05
2.04585790634e-05
2.04756259918e-05
2.02889442444e-05
2.03014612198e-05
2.02995538712e-05
2.02430486679e-05
2.02413797379e-05
2.03944444656e-05
2.03078985214e-05
2.05752849579e-05
2.07009315491e-05
2.15557813644e-05
2.12405920029e-05
2.10484266281e-05
2.05383300781e-05
2.26321220398e-05
2.05003023148e-05
2.04658508301e-05
2.04350948334e-05
2.05271244049e-05
2.0491361618e-05
2.04126834869e-05
2.10326910019e-05
2.07136869431e-05
2.30631828308e-05
2.05084085464e-05
2.05101966858e-05
2.077460289e-05
2.19178199768e-05
2.09509134293e-05
2.05892324448e-05
2.4693608284e-05
2.0791888237e-05
2.05874443054e-05
2.09447145462e-05
2.06134319305e-05
2.57040262222e-05
5.55334091187e-05
4.76138591766e-05
2.46077775955e-05
2.23915576935e-05
2.28289365768e-05
8.28030109406e-05
0.000124688863754
2.46503353119e-05
3.47576141357e-05
5.29071092606e-05
2.79244184494e-05
0.000135089635849
0.000136009454727
0.000148827195168
3.20123434067e-05
2.41695642471e-05
3.02280187607e-05
0.000147641301155
0.00011744093895
0.000173736333847
8.38679075241e-05
6.10086917877e-05
2.55877971649e-05
2.15563774109e-05
3.65068912506e-05
2.80190706253e-05
2.56915092468e-05
3.12429666519e-05
2.58195400238e-05
2.40986347198e-05
2.48148441315e-05
2.05199718475e-05
2.10645198822e-05
2.06258296967e-05
2.05883979797e-05
2.03570127487e-05
2.04168558121e-05
2.03968286514e-05
2.04006433487e-05
2.03942060471e-05
2.03766822815e-05
2.17541456223e-05
2.07552909851e-05
2.12049484253e-05
2.12256908417e-05
2.87663936615e-05
2.15945243835e-05
2.06335783005e-05
2.4627327919e-05
2.07506418228e-05
3.22769880295e-05
5.11175394058e-05
2.55118608475e-05
2.27763652802e-05
2.06544399261e-05
3.97981405258e-05
5.15642166138e-05
8.90097618103e-05
5.59037923813e-05
2.35862731934e-05
2.71941423416e-05
2.95243263245e-05
3.53190898895e-05
2.58736610413e-05
2.25110054016e-05
3.05808782578e-05
0.000150089621544
8.51337909698e-05
3.01398038864e-05
2.41478681564e-05
0.000125898241997
7.41904973984e-05
0.000157112956047
0.000137294173241
2.46500968933e-05
2.51603126526e-05
2.47685909271e-05
0.000331733703613
0.000189224481583
0.000198093652725
0.000280000925064
0.000112525105476
6.16629123688e-05
0.000153792977333
7.46752023697e-05
0.000373894929886
0.000114264369011
0.000122696757317
0.000203173160553
8.3685874939e-05
3.96353006363e-05
2.63934135437e-05
3.7850022316e-05
3.53733301163e-05
3.65099906921e-05
4.97578382492e-05
4.15126085281e-05
2.74990797043e-05
2.06880569458e-05
2.0657658577e-05
2.0522236824e-05
2.06000804901e-05
2.05373764038e-05
2.04907655716e-05
2.05169916153e-05
2.04511880875e-05
2.05199718475e-05
2.05415487289e-05
2.05186605453e-05
2.05289125443e-05
2.0579457283e-05
2.0508646965e-05
2.05030441284e-05
2.04592943192e-05
2.04181671143e-05
2.03548669815e-05
2.04650163651e-05
2.04293727875e-05
2.04272270203e-05
2.04949378967e-05
2.3496389389e-05
2.34605073929e-05
2.35356092453e-05
2.34485864639e-05
2.34504938126e-05
2.3567199707e-05
2.34800577164e-05
2.34591960907e-05
2.35134363174e-05
2.34687328339e-05
2.34744548798e-05
2.35011577606e-05
2.34142541885e-05
2.34241485596e-05
2.35124826431e-05
2.35701799393e-05
2.36192941666e-05
2.35822200775e-05
2.35172510147e-05
2.35259532928e-05
2.35465764999e-05
2.34596729279e-05
2.34959125519e-05
2.354991436e-05
2.35027074814e-05
2.3486495018e-05
2.35793590546e-05
2.34837532043e-05
2.35066413879e-05
2.35010385513e-05
2.34328508377e-05
2.33913660049e-05
2.34512090683e-05
2.34326124191e-05
2.34752893448e-05
2.34942436218e-05
2.34019756317e-05
2.34771966934e-05
2.35040187836e-05
2.34738588333e-05
2.34738588333e-05
2.35084295273e-05
2.34732627869e-05
2.34107971191e-05
2.34404802322e-05
2.3465514183e-05
2.34317779541e-05
2.34869718552e-05
2.3414850235e-05
2.34043598175e-05
2.34614610672e-05
2.3444890976e-05
2.33750343323e-05
2.34408378601e-05
2.34664678574e-05
2.34588384628e-05
2.35170125961e-05
2.34806537628e-05
2.34770774841e-05
2.35089063644e-05
2.34879255295e-05
2.34587192535e-05
2.35168933868e-05
2.34625339508e-05
2.34334468842e-05
2.35018730164e-05
2.34231948853e-05
2.34056711197e-05
2.35236883163e-05
2.35421657562e-05
2.35370397568e-05
2.34988927841e-05
2.35073566437e-05
2.35376358032e-05
2.34951972961e-05
2.35435962677e-05
2.34978199005e-05
2.3530125618e-05
2.35146284103e-05
2.35179662704e-05
2.35316753387e-05
2.35739946365e-05
2.35350131989e-05
2.35749483109e-05
2.35470533371e-05
2.35848426819e-05
2.35402584076e-05
2.36060619354e-05
2.35201120377e-05
2.35167741776e-05
2.35278606415e-05
2.35409736633e-05
2.35656499863e-05
2.35359668732e-05
2.35434770584e-05
2.35608816147e-05
2.35507488251e-05
2.35247612e-05
2.35798358917e-05
2.35776901245e-05
2.34596729279e-05
2.34788656235e-05
2.34949588776e-05
2.35190391541e-05
2.35017538071e-05
2.35199928284e-05
2.35382318497e-05
2.34949588776e-05
2.35048532486e-05
2.35365629196e-05
2.34843492508e-05
2.35430002213e-05
2.35451459885e-05
2.35614776611e-05
2.35521793365e-05
2.35406160355e-05
2.35598087311e-05
2.35023498535e-05
2.35141515732e-05
2.35420465469e-05
2.35208272934e-05
2.35197544098e-05
2.34889984131e-05
2.354991436e-05
2.35188007355e-05
2.35011577606e-05
2.3516535759e-05
2.3564696312e-05
2.35110521317e-05
2.35335826874e-05
2.35430002213e-05
2.35075950623e-05
2.35500335693e-05
2.34978199005e-05
2.34400033951e-05
2.35029459e-05
2.35017538071e-05
2.34997272491e-05
2.35042572021e-05
2.35636234283e-05
2.35139131546e-05
2.35105752945e-05
2.34812498093e-05
2.35314369202e-05
2.35379934311e-05
2.35476493835e-05
2.35612392426e-05
2.35546827316e-05
2.35289335251e-05
2.35303640366e-05
2.34795808792e-05
2.35157012939e-05
2.35008001328e-05
2.35247612e-05
2.35103368759e-05
2.34965085983e-05
2.35048532486e-05
2.35495567322e-05
2.35362052917e-05
2.35443115234e-05
2.35416889191e-05
2.3576259613e-05
2.3576259613e-05
2.35810279846e-05
2.35919952393e-05
2.35863924026e-05
2.35481262207e-05
2.35372781754e-05
2.35563516617e-05
2.35534906387e-05
2.35630273819e-05
2.35809087753e-05
2.35872268677e-05
2.35484838486e-05
2.34916210175e-05
2.36138105392e-05
2.35933065414e-05
2.36047506332e-05
2.3588180542e-05
2.35996246338e-05
2.3587346077e-05
2.36238241196e-05
2.3616194725e-05
2.36545801163e-05
2.35888957977e-05
2.3609995842e-05
2.35719680786e-05
2.35418081284e-05
2.35501527786e-05
2.35784053802e-05
2.35587358475e-05
2.36040353775e-05
2.35788822174e-05
2.36101150513e-05
2.36315727234e-05
2.36201286316e-05
2.36344337463e-05
2.36632823944e-05
2.3647069931e-05
2.36389636993e-05
2.36169099808e-05
2.36670970917e-05
2.36772298813e-05
2.36976146698e-05
2.36438512802e-05
2.36476659775e-05
2.3766040802e-05
2.36693620682e-05
2.3699760437e-05
2.36763954163e-05
2.36310958862e-05
2.36576795578e-05
2.36545801163e-05
2.37172842026e-05
2.36551761627e-05
2.36432552338e-05
2.36903429031e-05
2.3650765419e-05
2.36456394196e-05
2.36325263977e-05
2.368080616e-05
2.36197710037e-05
2.35637426376e-05
2.35502719879e-05
2.35468149185e-05
2.39049196243e-05
2.36837863922e-05
2.3640871048e-05
2.3552775383e-05
2.35570669174e-05
2.36558914185e-05
2.36139297485e-05
2.36551761627e-05
2.36183404922e-05
2.36597061157e-05
2.36328840256e-05
2.36327648163e-05
2.36210823059e-05
2.36663818359e-05
2.36936807632e-05
2.36600637436e-05
2.36144065857e-05
2.36160755157e-05
2.36928462982e-05
2.36506462097e-05
2.36990451813e-05
2.36370563507e-05
2.37112045288e-05
2.36368179321e-05
2.36328840256e-05
2.36696004868e-05
2.37594842911e-05
2.36796140671e-05
2.36790180206e-05
2.3705124855e-05
2.36331224442e-05
2.36995220184e-05
2.38078832626e-05
2.38033533096e-05
2.59588956833e-05
2.33279466629e-05
2.32291221619e-05
2.32589244843e-05
2.3276925087e-05
2.32671499252e-05
2.32342481613e-05
2.32640504837e-05
2.32666730881e-05
2.33055353165e-05
2.32325792313e-05
2.32731103897e-05
2.33534574509e-05
2.33368873596e-05
2.33387947083e-05
2.33051776886e-05
2.34097242355e-05
2.33689546585e-05
2.32895612717e-05
2.33302116394e-05
2.33258008957e-05
2.33436822891e-05
2.33281850815e-05
2.33172178268e-05
2.32818126678e-05
2.33416557312e-05
2.33191251755e-05
2.32980251312e-05
2.33272314072e-05
2.3308634758e-05
2.33590602875e-05
2.33761072159e-05
2.33747959137e-05
2.34006643295e-05
2.33664512634e-05
2.33618021011e-05
2.33653783798e-05
2.33507156372e-05
2.33113765717e-05
2.33398675919e-05
2.32828855515e-05
2.33446359634e-05
2.33336687088e-05
2.32964754105e-05
2.33668088913e-05
2.33612060547e-05
2.3313164711e-05
2.34079360962e-05
2.33578681946e-05
2.32900381088e-05
2.33114957809e-05
2.33588218689e-05
2.3330450058e-05
2.33508348465e-05
2.33439207077e-05
2.33851671219e-05
2.33197212219e-05
2.33850479126e-05
2.33272314072e-05
2.33056545258e-05
2.33020782471e-05
2.33380794525e-05
2.33500003815e-05
2.33987569809e-05
2.33741998672e-05
2.34081745148e-05
2.34223604202e-05
2.3383975029e-05
2.33871936798e-05
2.34262943268e-05
2.33891010284e-05
2.33418941498e-05
2.32901573181e-05
2.33998298645e-05
2.33814716339e-05
2.33271121979e-05
2.33532190323e-05
2.33547687531e-05
2.33657360077e-05
2.34118700027e-05
2.34416723251e-05
2.34780311584e-05
2.34713554382e-05
2.34376192093e-05
2.34254598618e-05
2.33592987061e-05
2.3438334465e-05
2.34004259109e-05
2.34006643295e-05
2.34054327011e-05
2.33777761459e-05
2.33838558197e-05
2.34341621399e-05
2.34081745148e-05
2.34030485153e-05
2.34639644623e-05
2.34899520874e-05
2.34000682831e-05
2.33151912689e-05
2.3349404335e-05
2.33141183853e-05
2.33268737793e-05
2.32983827591e-05
2.33095884323e-05
2.33445167542e-05
2.3353934288e-05
2.33461856842e-05
2.33451128006e-05
2.33511924744e-05
2.33306884766e-05
2.33547687531e-05
2.33381986618e-05
2.33410596848e-05
2.33292579651e-05
2.33479738235e-05
2.33283042908e-05
2.33725309372e-05
2.33212709427e-05
2.33371257782e-05
2.32990980148e-05
2.32757329941e-05
2.3285984993e-05
2.33079195023e-05
2.32747793198e-05
2.32186317444e-05
2.32776403427e-05
2.32676267624e-05
2.33055353165e-05
2.33105421066e-05
2.33571529388e-05
2.3374080658e-05
2.33287811279e-05
2.33180522919e-05
2.33037471771e-05
2.33367681503e-05
2.33430862427e-05
2.33398675919e-05
2.33941078186e-05
2.32932567596e-05
2.33505964279e-05
2.33800411224e-05
2.33680009842e-05
2.33873128891e-05
2.39564180374e-05
2.34855413437e-05
2.35118865967e-05
2.3505449295e-05
2.35188007355e-05
2.35042572021e-05
2.34291553497e-05
2.34251022339e-05
2.34118700027e-05
2.34723091125e-05
2.34849452972e-05
2.34936475754e-05
2.35204696655e-05
2.51761674881e-05
2.42711305618e-05
2.37489938736e-05
2.37967967987e-05
2.37504243851e-05
2.37634181976e-05
2.38230228424e-05
2.36409902573e-05
2.36350297928e-05
2.35179662704e-05
2.35193967819e-05
2.35698223114e-05
2.35606431961e-05
2.36469507217e-05
2.35627889633e-05
2.35959291458e-05
2.35971212387e-05
2.36027240753e-05
2.35365629196e-05
2.35937833786e-05
2.35558748245e-05
2.35371589661e-05
2.34636068344e-05
2.34942436218e-05
2.3496389389e-05
2.34948396683e-05
2.3521900177e-05
2.35006809235e-05
2.34907865524e-05
2.35803127289e-05
2.35282182693e-05
2.35489606857e-05
2.35266685486e-05
2.35607624054e-05
2.36068964005e-05
2.35776901245e-05
2.35693454742e-05
2.36201286316e-05
2.36333608627e-05
2.36376523972e-05
2.36228704453e-05
2.36494541168e-05
2.35974788666e-05
2.36518383026e-05
2.35822200775e-05
2.35991477966e-05
2.35981941223e-05
2.35949754715e-05
2.3616194725e-05
2.36177444458e-05
2.3647069931e-05
2.3629784584e-05
2.36418247223e-05
2.36344337463e-05
2.36414670944e-05
2.36876010895e-05
2.36352682114e-05
2.35911607742e-05
2.36123800278e-05
2.36498117447e-05
2.36251354218e-05
2.35556364059e-05
2.36450433731e-05
2.36399173737e-05
2.35570669174e-05
2.36313343048e-05
2.36045122147e-05
2.36157178879e-05
2.36288309097e-05
2.35790014267e-05
2.35667228699e-05
2.35946178436e-05
2.3530125618e-05
2.361536026e-05
2.35662460327e-05
2.35774517059e-05
2.35768556595e-05
2.35942602158e-05
2.35420465469e-05
2.35871076584e-05
2.35997438431e-05
2.35921144485e-05
2.35723257065e-05
2.3561000824e-05
2.35635042191e-05
2.34414339066e-05
2.35002040863e-05
2.35105752945e-05
2.34932899475e-05
2.35067605972e-05
2.34776735306e-05
2.35035419464e-05
2.34750509262e-05
2.3486495018e-05
2.34869718552e-05
2.3470044136e-05
2.35242843628e-05
2.34651565552e-05
2.35297679901e-05
2.34854221344e-05
2.35291719437e-05
2.35559940338e-05
2.35311985016e-05
2.35191583633e-05
2.35817432404e-05
2.35191583633e-05
2.36030817032e-05
2.36449241638e-05
2.36065387726e-05
2.39697694778e-05
2.38969326019e-05
2.39986181259e-05
2.38451957703e-05
2.39473581314e-05
2.36117839813e-05
2.35753059387e-05
2.35333442688e-05
2.3597240448e-05
2.34814882278e-05
2.3978471756e-05
2.37467288971e-05
2.38646268845e-05
2.37635374069e-05
2.40508317947e-05
2.38264799118e-05
2.36709117889e-05
2.5133728981e-05
2.36045122147e-05
2.37873792648e-05
2.36998796463e-05
2.37243175507e-05
2.36247777939e-05
2.35443115234e-05
2.35066413879e-05
2.36097574234e-05
2.35496759415e-05
2.3469209671e-05
2.35477685928e-05
2.37510204315e-05
2.3553609848e-05
2.50325202942e-05
2.37247943878e-05
2.35863924026e-05
2.37374305725e-05
2.35834121704e-05
2.34637260437e-05
2.37685441971e-05
2.3845911026e-05
2.3784160614e-05
2.38443613052e-05
2.36356258392e-05
2.36775875092e-05
2.36246585846e-05
2.36306190491e-05
2.37033367157e-05
2.36639976501e-05
2.3631811142e-05
2.36271619797e-05
2.47168540955e-05
2.37540006638e-05
2.3614525795e-05
2.36951112747e-05
2.36718654633e-05
2.35965251923e-05
2.35801935196e-05
2.3700594902e-05
2.37513780594e-05
2.3757815361e-05
2.36619710922e-05
2.36253738403e-05
2.3610830307e-05
2.36113071442e-05
2.36096382141e-05
2.36325263977e-05
2.37466096878e-05
2.3647069931e-05
2.37113237381e-05
2.36248970032e-05
2.36748456955e-05
2.36850976944e-05
2.3600935936e-05
2.36139297485e-05
2.37048864365e-05
2.37897634506e-05
2.38562822342e-05
2.36428976059e-05
2.36860513687e-05
2.36661434174e-05
2.36616134644e-05
2.3698925972e-05
2.37145423889e-05
2.36749649048e-05
2.36414670944e-05
2.463555336e-05
2.38066911697e-05
2.36929655075e-05
2.3784995079e-05
2.36333608627e-05
2.36089229584e-05
2.36628055573e-05
2.37007141113e-05
2.38682031631e-05
2.36670970917e-05
2.36682891846e-05
2.36601829529e-05
2.36569643021e-05
2.36060619354e-05
2.3573756218e-05
2.36369371414e-05
2.36159563065e-05
2.36018896103e-05
2.6111125946e-05
2.3671746254e-05
2.37082242966e-05
2.50103473663e-05
2.36705541611e-05
2.36228704453e-05
2.48085260391e-05
2.37666368484e-05
2.39400863647e-05
2.41445302963e-05
2.39390134811e-05
2.35422849655e-05
2.35356092453e-05
2.35725641251e-05
2.35399007797e-05
2.35579013824e-05
2.36496925354e-05
2.38521099091e-05
2.37295627594e-05
2.36784219742e-05
2.36648321152e-05
2.5141119957e-05
2.36629247665e-05
2.36794948578e-05
2.40161418915e-05
2.37370729446e-05
2.39418745041e-05
2.37115621567e-05
2.3638010025e-05
2.36157178879e-05
2.36102342606e-05
2.35867500305e-05
2.36486196518e-05
2.37901210785e-05
2.39751338959e-05
2.38666534424e-05
2.37007141113e-05
2.3677110672e-05
2.36674547195e-05
2.36293077469e-05
2.3681640625e-05
2.36966609955e-05
2.38822698593e-05
2.37488746643e-05
2.37458944321e-05
2.36600637436e-05
2.39044427872e-05
2.36496925354e-05
2.37377882004e-05
2.38012075424e-05
2.37132310867e-05
2.3917555809e-05
2.37288475037e-05
2.38391160965e-05
2.3946762085e-05
2.49216556549e-05
2.35817432404e-05
2.35712528229e-05
2.36005783081e-05
2.34707593918e-05
2.35326290131e-05
2.37717628479e-05
2.40486860275e-05
2.36166715622e-05
2.36413478851e-05
2.37898826599e-05
2.61373519897e-05
2.39088535309e-05
2.36718654633e-05
2.39087343216e-05
2.40887403488e-05
2.37855911255e-05
2.35064029694e-05
2.43422985077e-05
2.39433050156e-05
2.39623785019e-05
2.36668586731e-05
2.35868692398e-05
2.36431360245e-05
2.37132310867e-05
2.36219167709e-05
2.36436128616e-05
2.39162445068e-05
2.37754583359e-05
2.36909389496e-05
2.48563289642e-05
2.37927436829e-05
2.3738861084e-05
2.38296985626e-05
2.40067243576e-05
2.36780643463e-05
2.38659381866e-05
2.37703323364e-05
2.37984657288e-05
2.40451097488e-05
2.36718654633e-05
2.3693561554e-05
2.37662792206e-05
2.37654447556e-05
2.37358808517e-05
2.3762345314e-05
2.39976644516e-05
2.37058401108e-05
2.3823261261e-05
2.37345695496e-05
2.53283977509e-05
2.37764120102e-05
2.3534655571e-05
2.41626501083e-05
2.40533351898e-05
2.39278078079e-05
2.37309932709e-05
2.39142179489e-05
2.41920948029e-05
2.37581729889e-05
2.36648321152e-05
2.36921310425e-05
2.36135721207e-05
2.37947702408e-05
2.40324735641e-05
2.3862361908e-05
2.38193273544e-05
2.3733496666e-05
2.37760543823e-05
2.37468481064e-05
2.37227678299e-05
2.37354040146e-05
2.39617824554e-05
2.37995386124e-05
2.3751616478e-05
2.37408876419e-05
2.36965417862e-05
2.36991643906e-05
2.38844156265e-05
2.39782333374e-05
2.38419771194e-05
2.38108634949e-05
2.3855805397e-05
2.39697694778e-05
2.37131118774e-05
2.37202644348e-05
2.37230062485e-05
2.37267017365e-05
2.36562490463e-05
2.36629247665e-05
2.39341259003e-05
2.38380432129e-05
2.39418745041e-05
2.38206386566e-05
2.57223844528e-05
2.38987207413e-05
2.38120555878e-05
2.40173339844e-05
2.4050116539e-05
2.39198207855e-05
2.3814201355e-05
2.38970518112e-05
2.39931344986e-05
2.50253677368e-05
2.37585306168e-05
2.38435268402e-05
2.37454175949e-05
2.37342119217e-05
2.37562656403e-05
2.38622426987e-05
2.38980054855e-05
2.37469673157e-05
2.36787796021e-05
2.61509418488e-05
2.3824930191e-05
2.36786603928e-05
2.38270759583e-05
2.39237546921e-05
2.37976312637e-05
2.37989425659e-05
2.38703489304e-05
2.38629579544e-05
2.49048471451e-05
2.38480567932e-05
2.37400531769e-05
2.36197710037e-05
2.35823392868e-05
2.36178636551e-05
2.37506628036e-05
2.3778796196e-05
2.37739086151e-05
2.38132476807e-05
2.3748755455e-05
2.51715183258e-05
2.36010551453e-05
2.35245227814e-05
2.40751504898e-05
2.40541696548e-05
2.36612558365e-05
2.38478183746e-05
2.36839056015e-05
2.43600606918e-05
2.37356424332e-05
2.36257314682e-05
2.36865282059e-05
2.3694396019e-05
2.36247777939e-05
2.35877037048e-05
2.37811803818e-05
2.39375829697e-05
2.36830711365e-05
2.36831903458e-05
2.38348245621e-05
2.38041877747e-05
2.36225128174e-05
2.37473249435e-05
2.3960351944e-05
2.37621068954e-05
2.37058401108e-05
2.37122774124e-05
2.39323377609e-05
2.47584581375e-05
2.38090753555e-05
2.37592458725e-05
2.39595174789e-05
2.37576961517e-05
2.37152576447e-05
2.37653255463e-05
2.35846042633e-05
2.36276388168e-05
2.45665311813e-05
2.38686800003e-05
2.37678289413e-05
2.37746238708e-05
2.44708061218e-05
2.39276885986e-05
2.37944126129e-05
2.39133834839e-05
2.3877620697e-05
2.43098735809e-05
2.39151716232e-05
2.39408016205e-05
2.41452455521e-05
2.42630243301e-05
2.38575935364e-05
2.37609148026e-05
2.37202644348e-05
2.36709117889e-05
2.3876786232e-05
2.37674713135e-05
2.38727331161e-05
2.372610569e-05
2.37327814102e-05
2.37596035004e-05
2.37733125687e-05
2.37811803818e-05
2.37230062485e-05
2.36843824387e-05
2.36620903015e-05
2.39485502243e-05
2.36965417862e-05
2.36871242523e-05
2.36784219742e-05
2.37934589386e-05
2.36886739731e-05
2.3662686348e-05
2.36761569977e-05
2.36469507217e-05
2.36506462097e-05
2.36812829971e-05
2.3698925972e-05
2.36977338791e-05
2.36648321152e-05
2.36450433731e-05
2.36030817032e-05
2.36319303513e-05
2.35538482666e-05
2.36237049103e-05
2.35710144043e-05
2.3667216301e-05
2.47831344604e-05
2.42326259613e-05
2.35857963562e-05
2.36221551895e-05
2.36623287201e-05
2.37603187561e-05
2.36560106277e-05
2.3841381073e-05
2.3777961731e-05
2.37078666687e-05
2.36842632294e-05
2.37214565277e-05
2.36767530441e-05
2.37429141998e-05
2.38814353943e-05
2.39052772522e-05
2.37176418304e-05
2.37076282501e-05
2.37522125244e-05
2.37016677856e-05
2.37375497818e-05
2.37673521042e-05
2.38108634949e-05
2.37451791763e-05
2.37530469894e-05
2.37807035446e-05
2.36837863922e-05
2.3647069931e-05
2.37320661545e-05
2.36754417419e-05
2.37106084824e-05
2.37104892731e-05
2.36963033676e-05
2.3638010025e-05
2.36731767654e-05
2.36837863922e-05
2.38285064697e-05
2.3708820343e-05
2.3873090744e-05
2.37607955933e-05
2.37194299698e-05
2.36350297928e-05
2.36780643463e-05
2.36556529999e-05
2.36250162125e-05
2.36473083496e-05
2.36592292786e-05
2.37196683884e-05
2.39448547363e-05
2.37669944763e-05
2.38783359528e-05
2.38592624664e-05
2.37520933151e-05
2.39353179932e-05
2.45554447174e-05
2.37407684326e-05
2.36755609512e-05
2.36933231354e-05
2.37447023392e-05
2.45527029037e-05
2.39030122757e-05
2.3806810379e-05
2.37529277802e-05
2.38322019577e-05
2.37452983856e-05
2.37466096878e-05
2.37073898315e-05
2.38199234009e-05
2.40355730057e-05
2.37869024277e-05
2.37731933594e-05
2.38070487976e-05
2.37472057343e-05
2.38070487976e-05
2.37805843353e-05
2.37871408463e-05
2.38958597183e-05
2.388215065e-05
2.39235162735e-05
2.40827798843e-05
2.39557027817e-05
2.38146781921e-05
2.3833990097e-05
2.38039493561e-05
2.38010883331e-05
2.37975120544e-05
2.39080190659e-05
2.41858959198e-05
2.38724946976e-05
2.37945318222e-05
2.39803791046e-05
2.39495038986e-05
2.37768888474e-05
2.38828659058e-05
2.40285396576e-05
2.38214731216e-05
2.39478349686e-05
2.38679647446e-05
2.40573883057e-05
2.38255262375e-05
2.37648487091e-05
2.37325429916e-05
2.37010717392e-05
2.37036943436e-05
2.37320661545e-05
2.38519906998e-05
2.40621566772e-05
2.38820314407e-05
2.37971544266e-05
2.45068073273e-05
2.40510702133e-05
2.41160392761e-05
2.39857435226e-05
2.38494873047e-05
2.39479541779e-05
2.38569974899e-05
2.39468812943e-05
2.40417718887e-05
2.44022607803e-05
2.41428613663e-05
2.37653255463e-05
2.37604379654e-05
2.36850976944e-05
2.36650705338e-05
2.39473581314e-05
2.38561630249e-05
2.38124132156e-05
2.39233970642e-05
2.38735675812e-05
2.64867544174e-05
2.38393545151e-05
2.38260030746e-05
2.40030288696e-05
2.38262414932e-05
2.39493846893e-05
2.39319801331e-05
2.39360332489e-05
2.38924026489e-05
2.38990783691e-05
2.3760676384e-05
2.37542390823e-05
2.37545967102e-05
2.37990617752e-05
2.37702131271e-05
2.37736701965e-05
2.37499475479e-05
2.37938165665e-05
2.38374471664e-05
2.3808836937e-05
2.45453119278e-05
2.38695144653e-05
2.37993001938e-05
2.38605737686e-05
2.37752199173e-05
2.39032506943e-05
2.38777399063e-05
2.38130092621e-05
2.38265991211e-05
2.38555669785e-05
2.3824095726e-05
2.38239765167e-05
2.38282680511e-05
2.37665176392e-05
2.38163471222e-05
2.37828493118e-05
2.38182544708e-05
2.38564014435e-05
2.38749980927e-05
2.37972736359e-05
2.59667634964e-05
2.3765206337e-05
2.37721204758e-05
2.38935947418e-05
2.37195491791e-05
2.38735675812e-05
2.37299203873e-05
2.38862037659e-05
2.38027572632e-05
2.37754583359e-05
2.3672580719e-05
2.37210988998e-05
2.37011909485e-05
2.3676276207e-05
2.36752033234e-05
2.37327814102e-05
2.37307548523e-05
2.3734331131e-05
2.38090753555e-05
2.3758649826e-05
2.39323377609e-05
2.36603021622e-05
2.37100124359e-05
2.40601301193e-05
2.37463712692e-05
2.37782001495e-05
2.36467123032e-05
2.37903594971e-05
2.37588882446e-05
2.38124132156e-05
2.43411064148e-05
2.38655805588e-05
2.71098613739e-05
2.43082046509e-05
2.80919075012e-05
2.47399806976e-05
2.40243673325e-05
2.39346027374e-05
2.52380371094e-05
2.39117145538e-05
2.38474607468e-05
2.58032083511e-05
2.45794057846e-05
2.41852998734e-05
2.38807201385e-05
2.39737033844e-05
2.38411426544e-05
2.37395763397e-05
2.37646102905e-05
2.39027738571e-05
2.40168571472e-05
2.3819565773e-05
2.40602493286e-05
2.42618322372e-05
2.38659381866e-05
2.38523483276e-05
2.38035917282e-05
2.3845911026e-05
2.38761901855e-05
2.37630605698e-05
2.3801445961e-05
2.37851142883e-05
2.38683223724e-05
2.3783326149e-05
2.38411426544e-05
2.40391492844e-05
2.4987578392e-05
2.37013101578e-05
2.37387418747e-05
2.36729383469e-05
2.3730635643e-05
2.36995220184e-05
2.38151550293e-05
2.43999958038e-05
2.39279270172e-05
2.37752199173e-05
2.37257480621e-05
2.37466096878e-05
2.38721370697e-05
2.38082408905e-05
2.37997770309e-05
2.35686302185e-05
2.3934841156e-05
2.38630771637e-05
2.38928794861e-05
2.3788690567e-05
2.41140127182e-05
2.39989757538e-05
2.38194465637e-05
2.38275527954e-05
2.38252878189e-05
2.37802267075e-05
2.37677097321e-05
2.39423513412e-05
2.38690376282e-05
2.39994525909e-05
2.40038633347e-05
2.40161418915e-05
2.39305496216e-05
2.40277051926e-05
2.4227142334e-05
2.41219997406e-05
2.39813327789e-05
2.40360498428e-05
2.39663124084e-05
2.40409374237e-05
2.39458084106e-05
2.40875482559e-05
2.39038467407e-05
2.38795280457e-05
2.39595174789e-05
2.38854885101e-05
2.39371061325e-05
2.38764286041e-05
2.38598585129e-05
2.38523483276e-05
2.38717794418e-05
2.38453149796e-05
2.39279270172e-05
2.39124298096e-05
2.40535736084e-05
2.39572525024e-05
2.3926615715e-05
2.41324901581e-05
2.41367816925e-05
2.39297151566e-05
2.40825414658e-05
2.37667560577e-05
2.38505601883e-05
2.3845076561e-05
2.38399505615e-05
2.3873925209e-05
2.38764286041e-05
2.38276720047e-05
2.38332748413e-05
2.38674879074e-05
2.38188505173e-05
2.37792730331e-05
2.38519906998e-05
2.38045454025e-05
2.37889289856e-05
2.38993167877e-05
2.38026380539e-05
2.38118171692e-05
2.3903131485e-05
2.37677097321e-05
2.37331390381e-05
2.37702131271e-05
2.38275527954e-05
2.38275527954e-05
2.39338874817e-05
2.38671302795e-05
2.39329338074e-05
2.38758325577e-05
2.38511562347e-05
2.46621370316e-05
2.40768194199e-05
2.39419937134e-05
2.43957042694e-05
2.45302915573e-05
2.40303277969e-05
2.40098237991e-05
2.39884853363e-05
2.54323482513e-05
2.419090271e-05
2.38860845566e-05
2.38981246948e-05
2.37460136414e-05
2.37390995026e-05
2.40024328232e-05
2.42542028427e-05
2.38310098648e-05
2.39055156708e-05
2.38244533539e-05
2.4717092514e-05
2.40935087204e-05
2.39943265915e-05
2.66700983047e-05
2.39711999893e-05
2.59281396866e-05
2.39384174347e-05
2.40080356598e-05
2.41441726685e-05
2.39417552948e-05
2.38448381424e-05
2.38335132599e-05
2.39139795303e-05
2.38968133926e-05
2.37449407578e-05
2.46059894562e-05
2.4153470993e-05
2.38553285599e-05
2.38112211227e-05
2.37601995468e-05
2.37611532211e-05
2.37436294556e-05
2.37851142883e-05
2.39288806915e-05
2.39722728729e-05
2.3987531662e-05
2.38819122314e-05
2.39038467407e-05
2.47693061829e-05
2.4102807045e-05
2.37979888916e-05
2.38220691681e-05
2.3775100708e-05
2.39510536194e-05
2.40354537964e-05
2.41386890411e-05
2.43335962296e-05
2.42559909821e-05
2.3995757103e-05
2.38583087921e-05
2.40296125412e-05
2.40697860718e-05
2.41024494171e-05
2.40664482117e-05
2.39506959915e-05
2.40046977997e-05
2.42204666138e-05
2.42475271225e-05
2.43488550186e-05
2.40451097488e-05
2.392578125e-05
2.3903131485e-05
2.39351987839e-05
2.39450931549e-05
2.38900184631e-05
2.40540504456e-05
2.42483615875e-05
2.39773988724e-05
2.38443613052e-05
2.39038467407e-05
2.39949226379e-05
2.38548517227e-05
2.40259170532e-05
2.39105224609e-05
2.37722396851e-05
2.40240097046e-05
2.39433050156e-05
2.38697528839e-05
2.44532823563e-05
2.38810777664e-05
2.37559080124e-05
2.3801445961e-05
2.37601995468e-05
2.37616300583e-05
2.38629579544e-05
2.38281488419e-05
2.4057507515e-05
2.38735675812e-05
2.38109827042e-05
2.52023935318e-05
2.40081548691e-05
2.38473415375e-05
2.40486860275e-05
2.40089893341e-05
2.3845911026e-05
2.38341093063e-05
2.38342285156e-05
2.40660905838e-05
2.36830711365e-05
2.37393379211e-05
2.38034725189e-05
2.3784160614e-05
2.3766875267e-05
2.37247943878e-05
2.40551233292e-05
2.38479375839e-05
2.38025188446e-05
2.37339735031e-05
2.5179028511e-05
2.37358808517e-05
2.38003730774e-05
2.3907661438e-05
2.38122940063e-05
2.40024328232e-05
2.39831209183e-05
2.40490436554e-05
2.41987705231e-05
2.40159034729e-05
2.38295793533e-05
2.38888263702e-05
2.38753557205e-05
2.38579511642e-05
2.38815546036e-05
2.39241123199e-05
2.41086483002e-05
2.39441394806e-05
2.38972902298e-05
2.40129232407e-05
2.3885846138e-05
2.37975120544e-05
2.40314006805e-05
2.42241621017e-05
2.40700244904e-05
2.40299701691e-05
2.38946676254e-05
2.44824886322e-05
2.43068933487e-05
2.40626335144e-05
2.38860845566e-05
2.38782167435e-05
2.39109992981e-05
2.38486528397e-05
2.39191055298e-05
2.39137411118e-05
2.42742300034e-05
2.3921251297e-05
2.38705873489e-05
2.54204273224e-05
2.4164557457e-05
2.40054130554e-05
2.40188837051e-05
2.84572839737e-05
2.39186286926e-05
2.40700244904e-05
2.3987531662e-05
2.39545106888e-05
2.39036083221e-05
2.39182710648e-05
2.38529443741e-05
2.38193273544e-05
2.37733125687e-05
2.37647294998e-05
2.38802433014e-05
2.38702297211e-05
2.38897800446e-05
2.38898992538e-05
2.38889455795e-05
2.58272886276e-05
2.39592790604e-05
2.40043401718e-05
2.61174440384e-05
2.39127874374e-05
2.38676071167e-05
2.38264799118e-05
2.37731933594e-05
2.379322052e-05
2.37619876862e-05
2.37486362457e-05
2.38915681839e-05
2.3921251297e-05
2.39871740341e-05
2.43192911148e-05
2.4000287056e-05
2.39586830139e-05
2.39522457123e-05
2.40125656128e-05
2.52341032028e-05
2.40242481232e-05
2.40479707718e-05
2.40060091019e-05
2.38567590714e-05
2.39436626434e-05
2.39324569702e-05
2.39396095276e-05
2.39675045013e-05
2.39856243134e-05
2.39542722702e-05
2.40103006363e-05
2.39351987839e-05
2.40036249161e-05
2.40204334259e-05
2.39479541779e-05
2.39670276642e-05
2.38951444626e-05
2.39111185074e-05
2.39381790161e-05
2.52424478531e-05
2.39412784576e-05
2.38997936249e-05
2.40921974182e-05
2.39336490631e-05
2.41223573685e-05
2.39939689636e-05
2.41543054581e-05
2.42453813553e-05
2.40000486374e-05
2.40859985352e-05
2.40185260773e-05
2.40345001221e-05
2.38726139069e-05
2.39679813385e-05
2.38975286484e-05
2.39678621292e-05
2.39597558975e-05
2.39211320877e-05
2.39638090134e-05
2.39517688751e-05
2.40662097931e-05
2.39205360413e-05
2.39224433899e-05
2.39716768265e-05
2.39741802216e-05
2.40923166275e-05
2.3917555809e-05
2.40519046783e-05
2.38810777664e-05
2.38498449326e-05
2.37725973129e-05
2.38038301468e-05
2.37808227539e-05
2.37716436386e-05
2.38040685654e-05
2.39351987839e-05
2.40253210068e-05
2.3986697197e-05
2.43010520935e-05
2.41134166718e-05
2.40268707275e-05
2.40268707275e-05
2.39403247833e-05
2.39205360413e-05
2.39517688751e-05
2.39708423615e-05
2.39471197128e-05
2.3982167244e-05
2.39090919495e-05
2.39440202713e-05
2.38996744156e-05
2.39491462708e-05
2.39349603653e-05
2.40495204926e-05
2.40037441254e-05
2.39861011505e-05
2.39410400391e-05
2.46798992157e-05
2.4017572403e-05
2.40306854248e-05
2.41274833679e-05
2.39435434341e-05
2.39300727844e-05
2.39608287811e-05
2.39757299423e-05
2.40430831909e-05
2.39737033844e-05
2.3908495903e-05
2.3886680603e-05
2.39006280899e-05
2.38915681839e-05
2.39229202271e-05
2.38842964172e-05
2.39012241364e-05
2.38971710205e-05
2.39300727844e-05
2.40671634674e-05
2.39750146866e-05
2.38494873047e-05
2.39481925964e-05
2.38919258118e-05
2.38094329834e-05
2.3920416832e-05
2.39012241364e-05
2.38734483719e-05
2.39089727402e-05
2.39659547806e-05
2.39465236664e-05
2.3912191391e-05
2.38721370697e-05
2.38953828812e-05
2.39143371582e-05
2.38900184631e-05
2.39000320435e-05
2.3906826973e-05
2.3824095726e-05
2.38338708878e-05
2.38095521927e-05
2.38345861435e-05
2.40225791931e-05
2.39925384521e-05
2.39868164063e-05
2.39806175232e-05
2.40286588669e-05
2.40569114685e-05
2.40590572357e-05
2.40174531937e-05
2.40004062653e-05
2.39931344986e-05
2.40219831467e-05
2.3955821991e-05
2.39669084549e-05
2.39264965057e-05
2.39177942276e-05
2.38952636719e-05
2.39388942719e-05
2.51756906509e-05
2.41527557373e-05
2.3943066597e-05
2.54384279251e-05
2.41613388062e-05
2.41255760193e-05
2.41178274155e-05
2.40745544434e-05
2.41410732269e-05
2.40248441696e-05
2.39696502686e-05
2.34402418137e-05
2.08504199982e-05
2.07824707031e-05
2.08755731583e-05
2.08183526993e-05
2.08384990692e-05
2.08475589752e-05
2.11573839188e-05
2.09745168686e-05
2.08814144135e-05
2.10547447205e-05
2.08899974823e-05
2.0779132843e-05
2.07666158676e-05
2.07334756851e-05
2.07698345184e-05
2.0917057991e-05
2.08107233047e-05
2.07885503769e-05
2.07580327988e-05
2.07483768463e-05
2.07031965256e-05
2.07092761993e-05
2.06700563431e-05
2.07812786102e-05
2.07641124725e-05
2.0660161972e-05
2.07103490829e-05
2.06562280655e-05
2.09701061249e-05
2.07623243332e-05
2.06708908081e-05
2.24219560623e-05
2.08514928818e-05
2.13483572006e-05
2.07463502884e-05
2.07999944687e-05
2.08361148834e-05
2.07936763763e-05
2.08764076233e-05
2.07717418671e-05
2.07650661469e-05
2.07600593567e-05
2.07614898682e-05
2.07717418671e-05
2.07345485687e-05
2.07577943802e-05
2.07757949829e-05
2.08534002304e-05
2.07493305206e-05
2.08177566528e-05
2.07890272141e-05
2.08479166031e-05
2.08203792572e-05
2.08317041397e-05
2.16952562332e-05
2.09443569183e-05
2.08041667938e-05
2.08607912064e-05
2.10798978806e-05
2.08916664124e-05
2.07595825195e-05
2.07523107529e-05
2.07306146622e-05
2.07589864731e-05
2.07369327545e-05
2.08349227905e-05
2.1066904068e-05
2.07315683365e-05
2.06918716431e-05
2.07163095474e-05
2.06942558289e-05
2.07631587982e-05
2.07713842392e-05
2.07773447037e-05
2.09654569626e-05
2.07352638245e-05
2.07295417786e-05
2.07673311234e-05
2.08443403244e-05
2.07107067108e-05
2.06314325333e-05
2.0663022995e-05
2.06151008606e-05
2.07080841064e-05
2.07438468933e-05
2.10367441177e-05
2.07290649414e-05
2.07188129425e-05
2.07059383392e-05
2.09159851074e-05
2.08348035812e-05
2.06978321075e-05
2.07953453064e-05
2.10235118866e-05
2.15474367142e-05
2.07116603851e-05
2.06662416458e-05
2.07681655884e-05
2.09347009659e-05
2.09594964981e-05
2.08481550217e-05
2.0791888237e-05
2.08030939102e-05
2.08140611649e-05
2.0768404007e-05
2.09007263184e-05
2.11176872253e-05
2.09259986877e-05
2.08078622818e-05
2.0947098732e-05
3.03678512573e-05
3.59332561493e-05
2.99416780472e-05
2.09718942642e-05
2.09866762161e-05
2.15102434158e-05
2.09932327271e-05
2.15082168579e-05
2.09891796112e-05
2.15049982071e-05
2.10462808609e-05
2.09814310074e-05
2.16736793518e-05
2.15474367142e-05
2.19978094101e-05
2.12510824203e-05
2.17837095261e-05
2.20357179642e-05
2.088534832e-05
2.10417509079e-05
2.28710174561e-05
2.09877490997e-05
2.08131074905e-05
2.09259986877e-05
2.11811065674e-05
2.0889043808e-05
2.07960605621e-05
2.08439826965e-05
2.08649635315e-05
2.09143161774e-05
2.07469463348e-05
2.07835435867e-05
2.07144021988e-05
2.07132101059e-05
2.06689834595e-05
2.07142829895e-05
2.10175514221e-05
2.07679271698e-05
2.07318067551e-05
2.07384824753e-05
2.07697153091e-05
2.07843780518e-05
2.07449197769e-05
2.07854509354e-05
2.09723711014e-05
2.07784175873e-05
2.07328796387e-05
2.0717382431e-05
2.07660198212e-05
2.09403038025e-05
2.08349227905e-05
2.06737518311e-05
2.06905603409e-05
2.0828962326e-05
2.07812786102e-05
2.07785367966e-05
2.08686590195e-05
2.11260318756e-05
2.08654403687e-05
2.07883119583e-05
2.08222866058e-05
2.12833881378e-05
2.08024978638e-05
2.0830988884e-05
2.09394693375e-05
2.10938453674e-05
2.07953453064e-05
2.0800948143e-05
2.08052396774e-05
2.11755037308e-05
2.09109783173e-05
2.0880818367e-05
2.0830988884e-05
2.08308696747e-05
2.08425521851e-05
2.08131074905e-05
2.08330154419e-05
2.08940505981e-05
2.11261510849e-05
2.08975076675e-05
2.0839214325e-05
2.23896503448e-05
2.09928750992e-05
2.08575725555e-05
2.10262537003e-05
2.10627317429e-05
2.08224058151e-05
2.09739208221e-05
2.08604335785e-05
2.08765268326e-05
2.10814476013e-05
2.09382772446e-05
2.08201408386e-05
2.07908153534e-05
2.07909345627e-05
2.08488702774e-05
2.07757949829e-05
2.08344459534e-05
2.10821628571e-05
2.08933353424e-05
2.08023786545e-05
2.08121538162e-05
2.16096639633e-05
2.08760499954e-05
2.09354162216e-05
2.11410522461e-05
2.11153030396e-05
2.1009683609e-05
2.11626291275e-05
2.09972858429e-05
2.09624767303e-05
2.09277868271e-05
2.09882259369e-05
2.0826458931e-05
2.07887887955e-05
2.07830667496e-05
2.07862854004e-05
2.12125778198e-05
2.10266113281e-05
2.10500955582e-05
2.11145877838e-05
2.10322141647e-05
2.11738348007e-05
2.11462974548e-05
2.09854841232e-05
2.10875272751e-05
2.10086107254e-05
2.11455821991e-05
2.11246013641e-05
2.09091901779e-05
2.10093259811e-05
2.10030078888e-05
2.13140249252e-05
2.11449861526e-05
2.09259986877e-05
2.09597349167e-05
2.09027528763e-05
2.09455490112e-05
2.09577083588e-05
2.10605859756e-05
2.09842920303e-05
2.10214853287e-05
2.1015048027e-05
2.28370428085e-05
2.09932327271e-05
2.09885835648e-05
2.11178064346e-05
2.0947933197e-05
2.08922624588e-05
2.10691690445e-05
2.10140943527e-05
2.1121263504e-05
2.12309360504e-05
2.11156606674e-05
2.09003686905e-05
2.09431648254e-05
2.09589004517e-05
2.09200382233e-05
2.092897892e-05
2.11571455002e-05
2.08953619003e-05
2.09673643112e-05
2.09089517593e-05
2.24723815918e-05
2.10173130035e-05
2.0788192749e-05
2.10886001587e-05
2.10783481598e-05
2.08332538605e-05
2.10484266281e-05
2.09149122238e-05
2.09491252899e-05
2.10916996002e-05
2.09584236145e-05
2.0844578743e-05
2.08351612091e-05
2.07842588425e-05
2.07748413086e-05
2.07537412643e-05
2.08946466446e-05
2.08332538605e-05
2.10441350937e-05
2.10486650467e-05
2.10031270981e-05
2.09947824478e-05
2.10214853287e-05
2.13325023651e-05
2.1136879921e-05
2.10181474686e-05
2.1589756012e-05
2.11629867554e-05
2.10131406784e-05
2.11069583893e-05
2.12533473969e-05
2.44346857071e-05
2.12545394897e-05
2.09494829178e-05
2.11458206177e-05
2.13520526886e-05
2.11017131805e-05
2.09856033325e-05
2.0960688591e-05
2.09746360779e-05
2.09815502167e-05
2.10436582565e-05
2.10815668106e-05
2.12757587433e-05
2.10752487183e-05
2.0999789238e-05
2.09959745407e-05
2.19410657883e-05
2.1052479744e-05
2.10763216019e-05
2.10783481598e-05
2.11805105209e-05
2.09773778915e-05
2.0948767662e-05
2.09404230118e-05
2.11696624756e-05
2.09503173828e-05
2.09186077118e-05
2.09066867828e-05
2.09000110626e-05
2.08493471146e-05
2.08101272583e-05
2.10154056549e-05
2.11591720581e-05
2.08851099014e-05
2.09076404572e-05
2.09494829178e-05
2.23073959351e-05
2.09313631058e-05
2.08537578583e-05
2.10921764374e-05
2.11522579193e-05
2.0898938179e-05
2.10468769073e-05
2.08746194839e-05
2.09069252014e-05
2.09469795227e-05
2.10900306702e-05
2.08805799484e-05
2.07970142365e-05
2.08085775375e-05
2.07835435867e-05
2.10404396057e-05
2.09834575653e-05
2.11470127106e-05
2.12745666504e-05
2.10527181625e-05
2.10829973221e-05
2.10555791855e-05
2.27866172791e-05
2.11228132248e-05
2.10851430893e-05
2.12594270706e-05
2.14828252792e-05
2.10801362991e-05
2.10247039795e-05
2.11124420166e-05
2.11228132248e-05
2.18604803085e-05
2.10955142975e-05
2.10963487625e-05
2.10981369019e-05
2.10729837418e-05
2.10568904877e-05
2.10294723511e-05
2.10726261139e-05
2.11411714554e-05
2.13184356689e-05
2.10919380188e-05
2.09753513336e-05
2.10151672363e-05
2.1089553833e-05
2.10227966309e-05
2.10762023926e-05
2.10820436478e-05
2.18727588654e-05
2.11628675461e-05
2.11381912231e-05
2.11100578308e-05
2.10943222046e-05
2.1262049675e-05
2.16069221497e-05
2.09562778473e-05
2.0801782608e-05
2.08554267883e-05
2.08855867386e-05
2.12346315384e-05
2.12568044662e-05
2.1230340004e-05
2.10089683533e-05
2.09232568741e-05
2.15409994125e-05
2.11740732193e-05
2.09226608276e-05
2.09896564484e-05
2.32989788055e-05
2.10916996002e-05
2.1141409874e-05
2.09968090057e-05
2.09943056107e-05
2.10675001144e-05
2.09938287735e-05
2.08085775375e-05
2.07883119583e-05
2.08648443222e-05
2.08331346512e-05
2.13286876678e-05
2.1458029747e-05
2.12652683258e-05
2.1763086319e-05
2.113032341e-05
2.21660137177e-05
2.11579799652e-05
2.10778713226e-05
2.14077234268e-05
2.14623212814e-05
2.1207690239e-05
2.10369825363e-05
2.10211277008e-05
2.10930109024e-05
2.1177649498e-05
2.10039615631e-05
2.10558176041e-05
2.10384130478e-05
2.10613012314e-05
2.11149454117e-05
2.11144685745e-05
2.12949514389e-05
2.10760831833e-05
2.10007429123e-05
2.21580266953e-05
2.11508274078e-05
2.10404396057e-05
2.11795568466e-05
2.12930440903e-05
2.10403203964e-05
2.12559700012e-05
2.11855173111e-05
2.10998058319e-05
2.11509466171e-05
2.10144519806e-05
2.09912061691e-05
2.09908485413e-05
2.09746360779e-05
2.09628343582e-05
2.10605859756e-05
2.12954282761e-05
2.09972858429e-05
2.10512876511e-05
2.15849876404e-05
2.10944414139e-05
2.09872722626e-05
2.0975112915e-05
2.12372541428e-05
2.10393667221e-05
2.09362506866e-05
2.09656953812e-05
2.09759473801e-05
2.09382772446e-05
2.09430456161e-05
2.09701061249e-05
2.10030078888e-05
2.09285020828e-05
2.1285533905e-05
2.14943885803e-05
2.12808847427e-05
2.09339857101e-05
2.08904743195e-05
2.08858251572e-05
2.08615064621e-05
2.10802555084e-05
2.11319923401e-05
2.12140083313e-05
2.13978290558e-05
2.11259126663e-05
2.11175680161e-05
2.24198102951e-05
2.20711231232e-05
2.11461782455e-05
2.12785005569e-05
2.1420955658e-05
2.12209224701e-05
2.11397409439e-05
2.10821628571e-05
2.11451053619e-05
2.11334228516e-05
2.108502388e-05
2.10868120193e-05
2.10863351822e-05
2.10753679276e-05
2.10688114166e-05
2.1196603775e-05
2.1386384964e-05
2.11200714111e-05
2.11101770401e-05
2.14881896973e-05
2.11732387543e-05
2.10628509521e-05
2.1169424057e-05
2.12956666946e-05
2.11097002029e-05
2.10452079773e-05
2.10675001144e-05
2.11025476456e-05
2.11707353592e-05
2.10437774658e-05
2.10392475128e-05
2.10497379303e-05
2.10430622101e-05
2.10052728653e-05
2.11093425751e-05
2.11981534958e-05
2.09350585938e-05
2.11989879608e-05
2.10800170898e-05
2.10608243942e-05
2.10162401199e-05
2.09835767746e-05
2.14906930923e-05
2.10217237473e-05
2.08835601807e-05
2.08421945572e-05
2.08685398102e-05
2.09681987762e-05
2.0886182785e-05
2.08067893982e-05
2.08262205124e-05
2.0875453949e-05
2.08479166031e-05
2.08735466003e-05
2.11772918701e-05
2.09208726883e-05
2.09890604019e-05
2.09025144577e-05
2.23269462585e-05
2.11985111237e-05
2.11185216904e-05
2.13778018951e-05
2.12472677231e-05
2.10498571396e-05
2.09740400314e-05
2.09532976151e-05
2.10554599762e-05
2.10283994675e-05
2.11300849915e-05
2.09592580795e-05
2.10473537445e-05
2.09344625473e-05
2.09921598434e-05
2.1079659462e-05
2.13241577148e-05
2.11402177811e-05
2.10472345352e-05
2.23270654678e-05
2.12044715881e-05
2.13721990585e-05
2.12190151215e-05
2.13581323624e-05
2.10801362991e-05
2.11514234543e-05
2.1084189415e-05
2.11865901947e-05
2.10646390915e-05
2.10202932358e-05
2.1032333374e-05
2.10962295532e-05
2.09267139435e-05
2.10108757019e-05
2.11111307144e-05
2.12943553925e-05
2.11267471313e-05
2.09819078445e-05
2.1044254303e-05
2.10789442062e-05
2.1119594574e-05
2.1139383316e-05
2.11939811707e-05
2.12261676788e-05
2.106320858e-05
2.10258960724e-05
2.10310220718e-05
2.15783119202e-05
2.1188378334e-05
2.13915109634e-05
2.10285186768e-05
2.09947824478e-05
2.10001468658e-05
2.09668874741e-05
2.10998058319e-05
2.11827754974e-05
2.14765071869e-05
2.10300683975e-05
2.10111141205e-05
2.25595235825e-05
2.10684537888e-05
2.08827257156e-05
2.11268663406e-05
2.12100744247e-05
2.1200299263e-05
2.1325469017e-05
2.11015939713e-05
2.13305950165e-05
2.14357376099e-05
2.18296051025e-05
2.11451053619e-05
2.10925340652e-05
2.10959911346e-05
2.11402177811e-05
2.12177038193e-05
2.1113038063e-05
2.10602283478e-05
2.10158824921e-05
2.23797559738e-05
2.12312936783e-05
2.11390256882e-05
2.10785865784e-05
2.12417840958e-05
2.11868286133e-05
2.11178064346e-05
2.10843086243e-05
2.11073160172e-05
2.1094918251e-05
2.1240234375e-05
2.11218595505e-05
2.10433006287e-05
2.09441184998e-05
2.106153965e-05
2.10552215576e-05
2.10067033768e-05
2.10485458374e-05
2.10263729095e-05
2.10863351822e-05
2.19110250473e-05
2.11259126663e-05
2.10566520691e-05
2.10769176483e-05
2.12080478668e-05
2.17121839523e-05
2.12227106094e-05
2.09951400757e-05
2.10748910904e-05
2.09711790085e-05
2.1154999733e-05
2.09916830063e-05
2.09163427353e-05
2.09317207336e-05
2.08427906036e-05
2.08979845047e-05
2.08737850189e-05
2.09338665009e-05
2.10258960724e-05
2.09461450577e-05
2.09903717041e-05
2.09350585938e-05
2.095246315e-05
2.11437940598e-05
2.11730003357e-05
2.09089517593e-05
2.1096944809e-05
2.09901332855e-05
2.10111141205e-05
2.10347175598e-05
2.11389064789e-05
2.10299491882e-05
2.10367441177e-05
2.10716724396e-05
2.10437774658e-05
2.10742950439e-05
2.11473703384e-05
2.10945606232e-05
2.10801362991e-05
2.22541093826e-05
2.1124958992e-05
2.11004018784e-05
2.12260484695e-05
2.10558176041e-05
2.10779905319e-05
2.11033821106e-05
2.1119594574e-05
2.11290121078e-05
2.11126804352e-05
2.12190151215e-05
2.1101474762e-05
2.1043419838e-05
2.10527181625e-05
2.10757255554e-05
2.10627317429e-05
2.10539102554e-05
2.11532115936e-05
2.12390422821e-05
2.13594436646e-05
2.13316679001e-05
2.11678743362e-05
2.12380886078e-05
2.13253498077e-05
2.11580991745e-05
2.11707353592e-05
2.1134853363e-05
2.11273431778e-05
2.11024284363e-05
2.11040973663e-05
2.12028026581e-05
2.11695432663e-05
2.10448503494e-05
2.10390090942e-05
2.0977973938e-05
2.09984779358e-05
2.10078954697e-05
2.11011171341e-05
2.10005044937e-05
2.09977626801e-05
2.20212936401e-05
2.10980176926e-05
2.1021604538e-05
2.11093425751e-05
2.09386348724e-05
2.18056440353e-05
2.11514234543e-05
2.10511684418e-05
2.1143913269e-05
2.10347175598e-05
2.11288928986e-05
2.10373401642e-05
2.09308862686e-05
2.09704637527e-05
2.10030078888e-05
2.12256908417e-05
2.13725566864e-05
2.12279558182e-05
2.1287560463e-05
2.12361812592e-05
2.13197469711e-05
2.12560892105e-05
2.11571455002e-05
2.12022066116e-05
2.1235704422e-05
2.11375951767e-05
2.11690664291e-05
2.1103143692e-05
2.11999416351e-05
2.13379859924e-05
2.12485790253e-05
2.11651325226e-05
2.11672782898e-05
2.11483240128e-05
2.1182179451e-05
2.11067199707e-05
2.10387706757e-05
2.1183013916e-05
2.11489200592e-05
2.11679935455e-05
2.11615562439e-05
2.11114883423e-05
2.11541652679e-05
2.1160364151e-05
2.10592746735e-05
2.11699008942e-05
2.10996866226e-05
2.18787193298e-05
2.12574005127e-05
2.1058678627e-05
2.10742950439e-05
2.11075544357e-05
2.10661888123e-05
2.10753679276e-05
2.10363864899e-05
2.10233926773e-05
2.09444761276e-05
2.10319757462e-05
2.09624767303e-05
2.10050344467e-05
2.09277868271e-05
2.09484100342e-05
2.10072994232e-05
2.09830999374e-05
2.09047794342e-05
2.09089517593e-05
2.10061073303e-05
2.10590362549e-05
2.09673643112e-05
2.10995674133e-05
2.0969748497e-05
2.1062374115e-05
2.09996700287e-05
2.09896564484e-05
2.0947098732e-05
2.1084189415e-05
2.09909677505e-05
2.09382772446e-05
2.09466218948e-05
2.17454433441e-05
2.12692022324e-05
2.13053226471e-05
2.1098613739e-05
2.11185216904e-05
2.11856365204e-05
2.11018323898e-05
2.11317539215e-05
2.11404561996e-05
2.11848020554e-05
2.12069749832e-05
2.11354494095e-05
2.12467908859e-05
2.11597681046e-05
2.10996866226e-05
2.10543870926e-05
2.11341381073e-05
2.11863517761e-05
2.10988521576e-05
2.1134018898e-05
2.12153196335e-05
2.121925354e-05
2.12126970291e-05
2.11066007614e-05
2.12157964706e-05
2.11786031723e-05
2.12364196777e-05
2.12870836258e-05
2.12100744247e-05
2.11485624313e-05
2.13193893433e-05
2.12874412537e-05
2.11865901947e-05
2.11565494537e-05
2.11142301559e-05
2.1096944809e-05
2.10381746292e-05
2.10310220718e-05
2.10348367691e-05
2.09791660309e-05
2.11586952209e-05
2.11131572723e-05
2.11449861526e-05
2.10016965866e-05
2.11653709412e-05
2.23149061203e-05
2.10212469101e-05
2.1073102951e-05
2.15522050858e-05
2.11796760559e-05
2.21484899521e-05
2.1203994751e-05
2.12061405182e-05
2.12967395782e-05
2.11203098297e-05
2.10723876953e-05
2.10690498352e-05
2.10474729538e-05
2.10691690445e-05
2.09919214249e-05
2.10274457932e-05
2.10123062134e-05
2.1062374115e-05
2.09506750107e-05
2.19265222549e-05
2.12970972061e-05
2.12724208832e-05
2.14257240295e-05
2.12742090225e-05
2.12713479996e-05
2.1299123764e-05
2.12367773056e-05
2.13452577591e-05
2.12445259094e-05
2.13044881821e-05
2.10754871368e-05
2.1094918251e-05
2.11247205734e-05
2.11230516434e-05
2.12599039078e-05
2.11942195892e-05
2.12084054947e-05
2.12090015411e-05
2.11837291718e-05
2.1292090416e-05
2.12080478668e-05
2.11561918259e-05
2.12364196777e-05
2.12285518646e-05
2.26452350616e-05
2.19421386719e-05
2.11790800095e-05
2.20103263855e-05
2.18794345856e-05
2.11861133575e-05
2.10713148117e-05
2.10174322128e-05
2.10134983063e-05
2.09867954254e-05
2.09941864014e-05
2.11839675903e-05
2.11887359619e-05
2.10421085358e-05
2.10175514221e-05
2.10270881653e-05
2.113032341e-05
2.11503505707e-05
2.09804773331e-05
2.10675001144e-05
2.10366249084e-05
2.16561555862e-05
2.09853649139e-05
2.08847522736e-05
2.09130048752e-05
2.09294557571e-05
2.10207700729e-05
2.11416482925e-05
2.09132432938e-05
2.08457708359e-05
2.08978652954e-05
2.08985805511e-05
2.08778381348e-05
2.09295749664e-05
2.08530426025e-05
2.08829641342e-05
2.09209918976e-05
2.09627151489e-05
2.09970474243e-05
2.11187601089e-05
2.11350917816e-05
2.12047100067e-05
2.11404561996e-05
2.10899114609e-05
2.10516452789e-05
2.12490558624e-05
2.12626457214e-05
2.10835933685e-05
2.0988702774e-05
2.10497379303e-05
2.10821628571e-05
2.10074186325e-05
2.11892127991e-05
2.11888551712e-05
2.12848186493e-05
2.12351083755e-05
2.12420225143e-05
2.15855836868e-05
2.12351083755e-05
2.12005376816e-05
2.11890935898e-05
2.11582183838e-05
2.11646556854e-05
2.1137714386e-05
2.11530923843e-05
2.11516618729e-05
2.11610794067e-05
2.14471817017e-05
2.10988521576e-05
2.11017131805e-05
2.11080312729e-05
2.0999789238e-05
2.10065841675e-05
2.10675001144e-05
2.10686922073e-05
2.10500955582e-05
2.10701227188e-05
2.1043419838e-05
2.11163759232e-05
2.10953950882e-05
2.11180448532e-05
2.11038589478e-05
2.10313796997e-05
2.112865448e-05
2.10745334625e-05
2.1057844162e-05
2.11561918259e-05
2.10900306702e-05
2.10363864899e-05
2.0968914032e-05
2.10173130035e-05
2.09414958954e-05
2.09940671921e-05
2.09990739822e-05
2.11708545685e-05
2.1096944809e-05
2.10244655609e-05
2.11364030838e-05
2.10083723068e-05
2.09884643555e-05
2.10866928101e-05
2.09790468216e-05
2.10558176041e-05
2.1372795105e-05
2.12272405624e-05
2.1341085434e-05
2.12250947952e-05
2.13303565979e-05
2.12420225143e-05
2.11570262909e-05
2.11457014084e-05
2.11921930313e-05
2.11169719696e-05
2.11621522903e-05
2.10568904877e-05
2.11108922958e-05
2.11267471313e-05
2.10667848587e-05
2.15845108032e-05
2.12159156799e-05
2.11054086685e-05
2.12392807007e-05
2.1087884903e-05
2.11077928543e-05
2.10800170898e-05
2.1066069603e-05
2.11080312729e-05
2.11530923843e-05
2.12352275848e-05
2.10534334183e-05
2.10230350494e-05
2.10937261581e-05
2.10453271866e-05
2.10266113281e-05
2.1094083786e-05
2.10998058319e-05
2.11051702499e-05
2.11510658264e-05
2.10553407669e-05
2.2564291954e-05
2.11638212204e-05
2.11426019669e-05
2.11741924286e-05
2.11402177811e-05
2.10709571838e-05
2.10652351379e-05
2.1023273468e-05
2.10676193237e-05
2.10205316544e-05
2.1191239357e-05
2.10634469986e-05
2.1022439003e-05
2.10052728653e-05
2.09654569626e-05
2.09972858429e-05
2.10274457932e-05
2.09975242615e-05
2.09978818893e-05
2.09876298904e-05
2.10030078888e-05
2.09993124008e-05
2.10251808167e-05
2.0975112915e-05
2.10158824921e-05
2.10613012314e-05
2.10559368134e-05
2.10558176041e-05
2.11873054504e-05
2.12014913559e-05
2.11982727051e-05
2.13025808334e-05
2.11879014969e-05
2.12819576263e-05
2.13195085526e-05
2.11921930313e-05
2.12619304657e-05
2.1625161171e-05
2.11668014526e-05
2.11775302887e-05
2.12030410767e-05
2.11497545242e-05
2.11699008942e-05
2.12827920914e-05
2.12606191635e-05
2.128469944e-05
2.12931632996e-05
2.1212220192e-05
2.14389562607e-05
2.1228313446e-05
2.12408304214e-05
2.12758779526e-05
2.1252155304e-05
2.12775468826e-05
2.12463140488e-05
2.12800502777e-05
2.13257074356e-05
2.13487148285e-05
2.12695598602e-05
2.11532115936e-05
2.10500955582e-05
2.10546255112e-05
2.10829973221e-05
2.10819244385e-05
2.10849046707e-05
2.10348367691e-05
2.1143078804e-05
2.11144685745e-05
2.24381685257e-05
2.12430953979e-05
2.11346149445e-05
2.11927890778e-05
2.10355520248e-05
2.1031498909e-05
2.11306810379e-05
2.1026134491e-05
2.12208032608e-05
2.11623907089e-05
2.12787389755e-05
2.11262702942e-05
2.11009979248e-05
2.11045742035e-05
2.11125612259e-05
2.11251974106e-05
2.11148262024e-05
2.11230516434e-05
2.11834907532e-05
2.10280418396e-05
2.12415456772e-05
2.10937261581e-05
2.10773944855e-05
2.11805105209e-05
2.13307142258e-05
2.21545696259e-05
2.14250087738e-05
2.13463306427e-05
2.15412378311e-05
2.1653175354e-05
2.13665962219e-05
2.13308334351e-05
2.13470458984e-05
2.12879180908e-05
2.13003158569e-05
2.12267637253e-05
2.13589668274e-05
2.15779542923e-05
2.13034152985e-05
2.12477445602e-05
2.2598028183e-05
2.14728116989e-05
2.13152170181e-05
2.14586257935e-05
2.13251113892e-05
2.16196775436e-05
2.14253664017e-05
2.12833881378e-05
2.12785005569e-05
2.13363170624e-05
2.12570428848e-05
2.12631225586e-05
2.11851596832e-05
2.1174788475e-05
2.11538076401e-05
2.11726427078e-05
2.15280056e-05
2.12587118149e-05
2.12330818176e-05
2.12448835373e-05
2.12031602859e-05
2.12424993515e-05
2.12100744247e-05
2.1194934845e-05
2.12377309799e-05
2.11361646652e-05
2.11681127548e-05
2.11284160614e-05
2.10756063461e-05
2.11300849915e-05
2.12435722351e-05
2.11193561554e-05
2.10553407669e-05
2.10753679276e-05
2.10484266281e-05
2.10292339325e-05
2.10659503937e-05
2.11285352707e-05
2.10387706757e-05
2.1072268486e-05
2.10542678833e-05
2.12563276291e-05
2.10899114609e-05
2.10423469543e-05
2.10843086243e-05
2.10682153702e-05
2.10611820221e-05
2.12033987045e-05
2.12489366531e-05
2.12815999985e-05
2.14221477509e-05
2.13356018066e-05
2.11901664734e-05
2.11888551712e-05
2.1167755127e-05
2.11616754532e-05
2.1165728569e-05
2.123939991e-05
2.1207690239e-05
2.11943387985e-05
2.12963819504e-05
2.12289094925e-05
2.13986635208e-05
2.12193727493e-05
2.12714672089e-05
2.13800668716e-05
2.49199867249e-05
2.13536024094e-05
2.12123394012e-05
2.12246179581e-05
2.13378667831e-05
2.13426351547e-05
2.126288414e-05
2.11578607559e-05
2.11699008942e-05
2.1156668663e-05
2.11766958237e-05
2.12290287018e-05
2.13530063629e-05
2.1258354187e-05
2.13370323181e-05
2.11941003799e-05
2.16038227081e-05
2.12205648422e-05
2.11544036865e-05
2.12794542313e-05
2.11825370789e-05
2.12841033936e-05
2.11886167526e-05
2.12014913559e-05
2.12812423706e-05
2.12305784225e-05
2.10953950882e-05
2.10890769958e-05
2.10920572281e-05
2.10777521133e-05
2.11596488953e-05
2.11635828018e-05
2.1173119545e-05
2.11716890335e-05
2.11149454117e-05
2.2243976593e-05
2.13190317154e-05
2.12411880493e-05
2.12380886078e-05
2.27693319321e-05
2.13538408279e-05
2.12067365646e-05
2.1110534668e-05
2.11248397827e-05
2.12495326996e-05
2.12324857712e-05
2.12718248367e-05
2.13030576706e-05
2.13047266006e-05
2.12739706039e-05
2.12143659592e-05
2.14450359344e-05
2.14076042175e-05
2.13644504547e-05
2.13160514832e-05
2.12897062302e-05
2.34451293945e-05
2.12038755417e-05
2.13053226471e-05
2.13150978088e-05
2.12726593018e-05
2.12414264679e-05
2.13114023209e-05
2.1216750145e-05
2.12615728378e-05
2.12699174881e-05
2.14734077454e-05
2.12708711624e-05
2.11894512177e-05
2.11703777313e-05
2.11710929871e-05
2.12160348892e-05
2.13348865509e-05
2.11870670319e-05
2.12117433548e-05
2.11442708969e-05
2.12777853012e-05
2.13383436203e-05
2.12043523788e-05
2.12140083313e-05
2.12563276291e-05
2.12235450745e-05
2.11743116379e-05
2.11766958237e-05
2.11310386658e-05
2.13253498077e-05
2.13639736176e-05
2.11426019669e-05
2.11071968079e-05
2.10916996002e-05
2.11075544357e-05
2.11695432663e-05
2.11126804352e-05
2.12347507477e-05
2.110683918e-05
2.12106704712e-05
2.10857391357e-05
2.18915939331e-05
2.13581323624e-05
2.11322307587e-05
2.19014883041e-05
2.12135314941e-05
2.16879844666e-05
2.11507081985e-05
2.11052894592e-05
2.12142467499e-05
2.12335586548e-05
2.13811397552e-05
2.10963487625e-05
2.12543010712e-05
2.11971998215e-05
2.12166309357e-05
2.1243929863e-05
2.13217735291e-05
2.1367430687e-05
2.1369099617e-05
2.13483572006e-05
2.13066339493e-05
2.18998193741e-05
2.14740037918e-05
2.14338302612e-05
2.14623212814e-05
2.14389562607e-05
2.14825868607e-05
2.13092565536e-05
2.1541595459e-05
2.13497877121e-05
2.13506221771e-05
2.13967561722e-05
2.12353467941e-05
2.13174819946e-05
2.12656259537e-05
2.12999582291e-05
2.14490890503e-05
2.16121673584e-05
2.1267414093e-05
2.13007926941e-05
2.13643312454e-05
2.13919878006e-05
2.13776826859e-05
2.13615894318e-05
2.20085382462e-05
2.16908454895e-05
2.13768482208e-05
2.13308334351e-05
2.13234424591e-05
2.13347673416e-05
2.13348865509e-05
2.12044715881e-05
2.12117433548e-05
2.12119817734e-05
2.12724208832e-05
2.12832689285e-05
2.15141773224e-05
2.11721658707e-05
2.12830305099e-05
2.12588310242e-05
2.12918519974e-05
2.13576555252e-05
2.13830471039e-05
2.14855670929e-05
2.18088626862e-05
2.14251279831e-05
2.13136672974e-05
2.13307142258e-05
2.12384462357e-05
2.13010311127e-05
2.13785171509e-05
2.16156244278e-05
2.12723016739e-05
2.12332010269e-05
2.1137714386e-05
2.11384296417e-05
2.12537050247e-05
2.1411895752e-05
2.16457843781e-05
2.16125249863e-05
2.1514415741e-05
2.15119123459e-05
2.1880030632e-05
2.15287208557e-05
2.14394330978e-05
2.14495658875e-05
2.32113599777e-05
2.17443704605e-05
2.14933156967e-05
2.1368265152e-05
2.14414596558e-05
2.14616060257e-05
2.12876796722e-05
2.13460922241e-05
2.13222503662e-05
2.13235616684e-05
2.13317871094e-05
2.13589668274e-05
2.14567184448e-05
2.15907096863e-05
2.15009450912e-05
2.14792490005e-05
2.14778184891e-05
2.13950872421e-05
2.13776826859e-05
2.16708183289e-05
2.1586060524e-05
2.14765071869e-05
2.13673114777e-05
2.1372795105e-05
2.16695070267e-05
2.13774442673e-05
2.13935375214e-05
2.13522911072e-05
2.13583707809e-05
2.13457345963e-05
2.13422775269e-05
2.14643478394e-05
2.12510824203e-05
2.13381052017e-05
2.1301984787e-05
2.13179588318e-05
2.12697982788e-05
2.13891267776e-05
2.14332342148e-05
2.13168859482e-05
2.2021651268e-05
2.15318202972e-05
2.13108062744e-05
2.12703943253e-05
2.12057828903e-05
2.1630525589e-05
2.11840867996e-05
2.11979150772e-05
2.12020874023e-05
2.12270021439e-05
2.1152973175e-05
2.11483240128e-05
2.11746692657e-05
2.11874246597e-05
2.11366415024e-05
2.13776826859e-05
2.14233398437e-05
2.12332010269e-05
2.14109420776e-05
2.17597484589e-05
2.18966007233e-05
2.16170549393e-05
2.1498799324e-05
2.13829278946e-05
2.13776826859e-05
2.14058160782e-05
2.19743251801e-05
2.12886333466e-05
2.12934017181e-05
2.12111473083e-05
2.12635993958e-05
2.14110612869e-05
2.14099884033e-05
2.17523574829e-05
2.13252305984e-05
2.13567018509e-05
2.14375257492e-05
2.14418172836e-05
2.13119983673e-05
2.13469266891e-05
2.26473808289e-05
2.1706700325e-05
2.16398239136e-05
2.13475227356e-05
2.14304924011e-05
2.16442346573e-05
2.13536024094e-05
2.12845802307e-05
2.12609767914e-05
2.12911367416e-05
2.12707519531e-05
2.13268995285e-05
2.12850570679e-05
2.1298289299e-05
2.13117599487e-05
2.12905406952e-05
2.14687585831e-05
2.13100910187e-05
2.12630033493e-05
2.12539434433e-05
2.12113857269e-05
2.11520195007e-05
2.11127996445e-05
2.1279335022e-05
2.13060379028e-05
2.13136672974e-05
2.13547945023e-05
2.12684869766e-05
2.12240219116e-05
2.12489366531e-05
2.1232008934e-05
2.12315320969e-05
2.12150812149e-05
2.121758461e-05
2.11199522018e-05
2.11536884308e-05
2.31093168259e-05
2.13547945023e-05
2.13125944138e-05
2.14682817459e-05
2.14965343475e-05
2.15345621109e-05
2.16690301895e-05
2.15003490448e-05
2.1470785141e-05
2.14140415192e-05
2.14388370514e-05
2.15191841125e-05
2.1556854248e-05
2.14877128601e-05
2.13048458099e-05
2.13018655777e-05
2.1257519722e-05
2.12869644165e-05
2.1310210228e-05
2.13783979416e-05
2.13618278503e-05
2.14471817017e-05
2.13260650635e-05
2.24305391312e-05
2.28202342987e-05
2.15997695923e-05
2.26918458939e-05
2.15109586716e-05
2.43293046951e-05
2.16000080109e-05
2.14326381683e-05
2.20330953598e-05
2.21738815308e-05
2.34788656235e-05
2.16361284256e-05
2.14321613312e-05
2.14184522629e-05
2.1360039711e-05
2.13834047318e-05
2.27751731873e-05
2.17636823654e-05
2.28984355927e-05
2.16647386551e-05
2.22338438034e-05
2.30259895325e-05
2.89220809937e-05
2.45772600174e-05
2.18236446381e-05
2.17275619507e-05
2.14552879333e-05
2.14253664017e-05
2.12508440018e-05
2.12489366531e-05
2.16125249863e-05
2.12537050247e-05
2.12020874023e-05
2.11925506592e-05
2.11778879166e-05
2.11651325226e-05
2.11796760559e-05
2.11889743805e-05
2.16031074524e-05
2.11656093597e-05
2.12930440903e-05
2.12354660034e-05
2.19440460205e-05
2.12559700012e-05
2.14139223099e-05
2.15799808502e-05
2.17244625092e-05
2.14138031006e-05
2.14930772781e-05
2.14202404022e-05
2.1403670311e-05
2.22768783569e-05
2.14092731476e-05
2.13015079498e-05
2.13210582733e-05
2.12823152542e-05
2.13061571121e-05
2.1276473999e-05
2.14327573776e-05
2.15939283371e-05
2.13906764984e-05
2.13648080826e-05
2.14326381683e-05
2.14457511902e-05
2.13832855225e-05
2.1364569664e-05
2.17159986496e-05
2.13851928711e-05
2.15488672256e-05
2.13242769241e-05
2.13931798935e-05
2.16431617737e-05
2.13520526886e-05
2.13438272476e-05
2.13100910187e-05
2.13359594345e-05
2.11973190308e-05
2.12399959564e-05
2.12352275848e-05
2.15637683868e-05
2.12419033051e-05
2.12773084641e-05
2.12095975876e-05
2.27097272873e-05
2.12656259537e-05
2.12411880493e-05
2.14092731476e-05
2.14488506317e-05
2.12427377701e-05
2.13994979858e-05
2.12097167969e-05
2.12380886078e-05
2.15715169907e-05
2.13140249252e-05
2.1265745163e-05
2.12565660477e-05
2.12395191193e-05
2.12025642395e-05
2.12635993958e-05
2.13720798492e-05
2.15655565262e-05
2.13119983673e-05
2.12887525558e-05
2.28403806686e-05
2.14136838913e-05
2.15986967087e-05
2.15742588043e-05
2.16252803802e-05
2.24630832672e-05
2.17206478119e-05
2.16416120529e-05
2.1552324295e-05
2.15221643448e-05
2.14545726776e-05
2.14480161667e-05
2.14129686356e-05
2.14604139328e-05
2.14706659317e-05
2.15400457382e-05
2.15492248535e-05
2.1409869194e-05
2.13515758514e-05
2.32915878296e-05
2.1572470665e-05
2.14931964874e-05
2.15920209885e-05
2.17313766479e-05
2.15002298355e-05
2.15783119202e-05
2.14434862137e-05
2.15758085251e-05
2.19707489014e-05
2.15004682541e-05
2.15040445328e-05
2.13923454285e-05
2.13844776154e-05
2.15041637421e-05
2.13724374771e-05
2.13854312897e-05
2.17722654343e-05
2.14163064957e-05
2.14524269104e-05
2.13760137558e-05
2.13459730148e-05
2.14022397995e-05
2.13468074799e-05
2.14924812317e-05
2.16594934464e-05
2.14480161667e-05
2.12377309799e-05
2.1232008934e-05
2.11943387985e-05
2.11800336838e-05
2.11497545242e-05
2.11954116821e-05
2.11684703827e-05
2.19067335129e-05
2.11119651794e-05
2.12498903275e-05
2.16009616852e-05
2.12249755859e-05
2.11763381958e-05
2.11855173111e-05
2.3294210434e-05
2.1288394928e-05
2.12284326553e-05
2.13265419006e-05
2.19680070877e-05
2.14307308197e-05
2.14661359787e-05
2.13315486908e-05
2.1301984787e-05
2.15219259262e-05
2.15901136398e-05
2.1411895752e-05
2.13931798935e-05
2.14204788208e-05
2.14128494263e-05
2.13820934296e-05
2.13792324066e-05
2.14499235153e-05
2.1390914917e-05
2.1388053894e-05
2.16933488846e-05
2.14965343475e-05
2.14060544968e-05
2.15044021606e-05
2.1475315094e-05
2.15103626251e-05
2.16500759125e-05
2.14930772781e-05
2.15659141541e-05
2.14911699295e-05
2.15735435486e-05
2.13918685913e-05
2.13996171951e-05
2.1386384964e-05
2.13857889175e-05
2.13961601257e-05
2.14110612869e-05
2.14178562164e-05
2.15301513672e-05
2.14505195618e-05
2.14643478394e-05
2.14037895203e-05
2.13845968246e-05
2.14253664017e-05
2.14574337006e-05
2.14307308197e-05
2.14922428131e-05
2.14456319809e-05
2.14099884033e-05
2.14185714722e-05
2.14341878891e-05
2.14076042175e-05
2.12270021439e-05
2.12585926056e-05
2.12465524673e-05
2.12454795837e-05
2.12779045105e-05
2.13196277618e-05
2.13333368301e-05
2.14059352875e-05
2.13309526443e-05
2.14021205902e-05
2.13822126389e-05
2.13750600815e-05
2.14396715164e-05
2.13803052902e-05
2.14248895645e-05
2.16110944748e-05
2.13528871536e-05
2.14536190033e-05
2.14797258377e-05
2.13702917099e-05
2.12885141373e-05
2.15374231339e-05
2.14941501617e-05
2.15338468552e-05
2.15638875961e-05
2.17221975327e-05
2.15427875519e-05
2.15436220169e-05
2.28579044342e-05
2.17442512512e-05
2.14923620224e-05
2.16776132584e-05
2.14480161667e-05
2.15201377869e-05
2.15989351273e-05
2.14684009552e-05
2.16097831726e-05
2.15414762497e-05
2.18739509583e-05
2.14314460754e-05
2.14363336563e-05
2.1449804306e-05
2.14115381241e-05
2.14194059372e-05
2.14016437531e-05
2.14525461197e-05
2.15240716934e-05
2.14083194733e-05
2.17978954315e-05
2.15309858322e-05
2.13888883591e-05
2.14054584503e-05
2.14849710464e-05
2.22471952438e-05
2.15581655502e-05
2.16090679169e-05
2.15494632721e-05
2.16375589371e-05
2.15129852295e-05
2.14297771454e-05
2.14329957962e-05
2.14792490005e-05
2.13507413864e-05
2.13190317154e-05
2.15207338333e-05
2.18154191971e-05
2.13270187378e-05
2.13377475739e-05
2.1363735199e-05
2.13468074799e-05
2.13057994843e-05
2.14177370071e-05
2.13321447372e-05
2.17608213425e-05
2.13572978973e-05
2.12930440903e-05
2.13153362274e-05
2.13395357132e-05
2.14202404022e-05
2.12545394897e-05
2.12643146515e-05
2.1218419075e-05
2.12211608887e-05
2.12717056274e-05
2.13096141815e-05
2.14681625366e-05
2.14755535126e-05
2.14674472809e-05
2.14929580688e-05
2.15283632278e-05
2.14579105377e-05
2.14568376541e-05
2.146089077e-05
2.15041637421e-05
2.15483903885e-05
2.15861797333e-05
2.14890241623e-05
2.15201377869e-05
2.16026306152e-05
2.15141773224e-05
2.14287042618e-05
2.14604139328e-05
2.14594602585e-05
2.14128494263e-05
2.14323997498e-05
2.14623212814e-05
2.1413564682e-05
2.15122699738e-05
2.14393138885e-05
2.22972631454e-05
2.15351581573e-05
2.15517282486e-05
2.17078924179e-05
2.15601921082e-05
2.16010808945e-05
2.161860466e-05
2.15811729431e-05
2.15516090393e-05
2.15187072754e-05
2.15631723404e-05
2.1360039711e-05
2.14071273804e-05
2.13906764984e-05
2.1425485611e-05
2.13844776154e-05
2.14196443558e-05
2.14105844498e-05
2.1542429924e-05
2.13689804077e-05
2.26809978485e-05
2.15157270432e-05
2.14070081711e-05
2.15555429459e-05
2.14878320694e-05
2.15311050415e-05
2.15740203857e-05
2.15089321136e-05
2.16252803802e-05
2.1457195282e-05
2.14433670044e-05
2.14391946793e-05
2.14604139328e-05
2.14246511459e-05
2.15021371841e-05
2.14229822159e-05
2.14037895203e-05
2.13845968246e-05
2.26429700851e-05
2.15746164322e-05
2.17801332474e-05
2.17175483704e-05
2.1778345108e-05
2.24894285202e-05
2.17561721802e-05
2.1768450737e-05
2.1674990654e-05
2.16917991638e-05
2.17378139496e-05
2.19304561615e-05
2.16507911682e-05
2.15194225311e-05
2.15286016464e-05
2.15302705765e-05
2.15246677399e-05
2.15498209e-05
2.15554237366e-05
2.1617770195e-05
2.1614074707e-05
2.15686559677e-05
2.16856002808e-05
2.16039419174e-05
2.16065645218e-05
2.1590590477e-05
2.15952396393e-05
2.15895175934e-05
2.16208696365e-05
2.1559715271e-05
2.16407775879e-05
2.16699838638e-05
2.15470790863e-05
2.15270519257e-05
2.15044021606e-05
2.14884281158e-05
2.14911699295e-05
2.15268135071e-05
2.15027332306e-05
2.14903354645e-05
2.1497964859e-05
2.19610929489e-05
2.16420888901e-05
2.14494466782e-05
2.14946269989e-05
2.14070081711e-05
2.143907547e-05
2.1411895752e-05
2.14459896088e-05
2.14315652847e-05
2.15172767639e-05
2.14346647263e-05
2.1492600441e-05
2.14406251907e-05
2.13770866394e-05
2.13829278946e-05
2.13574171066e-05
2.13599205017e-05
2.13959217072e-05
2.14078426361e-05
2.14033126831e-05
2.13664770126e-05
2.14221477509e-05
2.25824117661e-05
2.14556455612e-05
2.14309692383e-05
2.16643810272e-05
2.15220451355e-05
2.16151475906e-05
2.15953588486e-05
2.15698480606e-05
2.16917991638e-05
2.15042829514e-05
2.14909315109e-05
2.1467089653e-05
2.14781761169e-05
2.14610099792e-05
2.15055942535e-05
2.15079784393e-05
2.15502977371e-05
2.16215848923e-05
2.15319395065e-05
2.29516029358e-05
2.17034816742e-05
2.16791629791e-05
2.17493772507e-05
2.16646194458e-05
2.16778516769e-05
2.17571258545e-05
2.1671295166e-05
2.16981172562e-05
2.17125415802e-05
2.16830968857e-05
2.15789079666e-05
2.15802192688e-05
2.15979814529e-05
2.15840339661e-05
2.16271877289e-05
2.15172767639e-05
2.16065645218e-05
2.15111970901e-05
2.15377807617e-05
2.15433835983e-05
2.15237140656e-05
2.15388536453e-05
2.15594768524e-05
2.15229988098e-05
2.15067863464e-05
2.15137004852e-05
2.14374065399e-05
2.15393304825e-05
2.15473175049e-05
2.16466188431e-05
2.15635299683e-05
2.15879678726e-05
2.17350721359e-05
2.15458869934e-05
2.18772888184e-05
2.15712785721e-05
2.14877128601e-05
2.14947462082e-05
2.1500825882e-05
2.28089094162e-05
2.15359926224e-05
2.14947462082e-05
2.14405059814e-05
2.15209722519e-05
2.1451830864e-05
2.14692354202e-05
2.14276313782e-05
2.17452049255e-05
2.18193531036e-05
2.16861963272e-05
2.16997861862e-05
2.16546058655e-05
2.16096639633e-05
2.16537714005e-05
2.16993093491e-05
2.16476917267e-05
2.18142271042e-05
2.17282772064e-05
2.15675830841e-05
2.15817689896e-05
2.15690135956e-05
2.15576887131e-05
2.15772390366e-05
2.15674638748e-05
2.1687746048e-05
2.16057300568e-05
2.17012166977e-05
2.17083692551e-05
2.1756529808e-05
2.1574139595e-05
2.15829610825e-05
2.16423273087e-05
2.15620994568e-05
2.15590000153e-05
2.15314626694e-05
2.15300321579e-05
2.1567940712e-05
2.16187238693e-05
2.16075181961e-05
2.16157436371e-05
2.15753316879e-05
2.15801000595e-05
2.16288566589e-05
2.15462446213e-05
2.1564245224e-05
2.16279029846e-05
2.15412378311e-05
2.16503143311e-05
2.1449804306e-05
2.1608710289e-05
2.14312076569e-05
2.14422941208e-05
2.14260816574e-05
2.14061737061e-05
2.14509963989e-05
2.14128494263e-05
2.14463472366e-05
2.14214324951e-05
2.14890241623e-05
2.13887691498e-05
2.18881368637e-05
2.14811563492e-05
2.14449167252e-05
2.15194225311e-05
2.14626789093e-05
2.15018987656e-05
2.146089077e-05
2.14681625366e-05
2.15829610825e-05
2.14624404907e-05
2.14556455612e-05
2.16337442398e-05
2.16362476349e-05
2.16031074524e-05
2.17229127884e-05
2.16361284256e-05
2.16929912567e-05
2.16785669327e-05
2.16388702393e-05
2.17388868332e-05
2.16242074966e-05
2.15971469879e-05
2.16466188431e-05
2.16764211655e-05
2.16362476349e-05
2.16451883316e-05
2.16763019562e-05
2.17041969299e-05
2.18707323074e-05
2.17542648315e-05
2.16380357742e-05
2.16745138168e-05
2.16360092163e-05
2.16125249863e-05
2.16722488403e-05
2.16923952103e-05
2.17798948288e-05
2.16956138611e-05
2.20692157745e-05
2.2975564003e-05
2.17958688736e-05
2.18658447266e-05
2.18961238861e-05
2.17345952988e-05
2.16757059097e-05
2.17837095261e-05
2.15647220612e-05
2.17143297195e-05
2.1763920784e-05
2.1648645401e-05
2.1542429924e-05
2.15767621994e-05
2.15315818787e-05
2.15688943863e-05
2.15867757797e-05
2.15035676956e-05
2.15356349945e-05
2.15083360672e-05
2.14743614197e-05
2.28635072708e-05
2.17225551605e-05
2.17080116272e-05
2.1724820137e-05
2.16706991196e-05
2.16383934021e-05
2.16850042343e-05
2.16094255447e-05
2.16592550278e-05
2.16925144196e-05
2.1578669548e-05
2.14862823486e-05
2.14892625809e-05
2.14959383011e-05
2.14982032776e-05
2.15241909027e-05
2.18631029129e-05
2.20428705215e-05
2.1849155426e-05
2.18734741211e-05
2.18590497971e-05
2.18628644943e-05
2.18938589096e-05
2.18431949615e-05
2.25019454956e-05
2.19795703888e-05
2.18037366867e-05
2.18300819397e-05
2.19612121582e-05
2.17102766037e-05
2.17227935791e-05
2.16267108917e-05
2.16442346573e-05
2.16621160507e-05
2.16701030731e-05
2.17592716217e-05
2.19074487686e-05
2.16964483261e-05
2.17736959457e-05
2.17635631561e-05
2.22189426422e-05
2.16617584229e-05
2.16567516327e-05
2.16490030289e-05
2.19619274139e-05
2.16896533966e-05
2.1616101265e-05
2.15965509415e-05
2.1572470665e-05
2.18560695648e-05
2.16524600983e-05
2.15220451355e-05
2.15061903e-05
2.15584039688e-05
2.15585231781e-05
2.15303897858e-05
2.1700501442e-05
2.16631889343e-05
2.14524269104e-05
2.14122533798e-05
2.15628147125e-05
2.15059518814e-05
2.14772224426e-05
2.1534204483e-05
2.1703004837e-05
2.15836763382e-05
2.1437048912e-05
2.13843584061e-05
2.13688611984e-05
2.15932130814e-05
2.13513374329e-05
2.13562250137e-05
2.13927030563e-05
2.1346449852e-05
2.13587284088e-05
2.13513374329e-05
2.1616101265e-05
2.13425159454e-05
2.13583707809e-05
2.13422775269e-05
2.17782258987e-05
2.15970277786e-05
2.16262340546e-05
2.16498374939e-05
2.19248533249e-05
2.16417312622e-05
2.16031074524e-05
2.15580463409e-05
2.15744972229e-05
2.17320919037e-05
2.15250253677e-05
2.14997529984e-05
2.15390920639e-05
2.14903354645e-05
2.15396881104e-05
2.16212272644e-05
2.20403671265e-05
2.16839313507e-05
2.16468572617e-05
2.29781866074e-05
2.23988294601e-05
2.18422412872e-05
2.18160152435e-05
2.31329202652e-05
2.22123861313e-05
2.17310190201e-05
2.16693878174e-05
2.16269493103e-05
2.20997333527e-05
2.17983722687e-05
2.17273235321e-05
2.17096805573e-05
2.1599650383e-05
2.15516090393e-05
2.15126276016e-05
2.15269327164e-05
2.15020179749e-05
2.15097665787e-05
2.15222835541e-05
2.1893620491e-05
2.16022729874e-05
2.15485095978e-05
2.15382575989e-05
2.28576660156e-05
2.15703248978e-05
2.14846134186e-05
2.14536190033e-05
2.16379165649e-05
2.18951702118e-05
2.16066837311e-05
2.1613240242e-05
2.16197967529e-05
2.16727256775e-05
2.18591690063e-05
2.17509269714e-05
2.15669870377e-05
2.15749740601e-05
2.15284824371e-05
2.15290784836e-05
2.14550495148e-05
2.18077898026e-05
2.14902162552e-05
2.15207338333e-05
2.15094089508e-05
2.1990776062e-05
2.18843221664e-05
2.18422412872e-05
2.19337940216e-05
2.21147537231e-05
2.18856334686e-05
2.18781232834e-05
2.18375921249e-05
2.1947145462e-05
2.20686197281e-05
2.19535827637e-05
2.16538906097e-05
2.16408967972e-05
2.1669626236e-05
2.16448307037e-05
2.16361284256e-05
2.16737985611e-05
2.16828584671e-05
2.16866731644e-05
2.72408723831e-05
2.20392942429e-05
2.45243310928e-05
2.34507322311e-05
2.19097137451e-05
2.19864845276e-05
2.1761059761e-05
2.19769477844e-05
2.57794857025e-05
2.19177007675e-05
2.17434167862e-05
2.1803855896e-05
2.16989517212e-05
2.18387842178e-05
2.16581821442e-05
2.16442346573e-05
2.16239690781e-05
2.16755867004e-05
2.16224193573e-05
2.16801166534e-05
2.16269493103e-05
2.17611789703e-05
2.16364860535e-05
2.28612422943e-05
2.16975212097e-05
2.16578245163e-05
2.15938091278e-05
2.1745800972e-05
2.15921401978e-05
2.15208530426e-05
2.15109586716e-05
2.15346813202e-05
2.16743946075e-05
2.1514415741e-05
2.15848684311e-05
2.14447975159e-05
2.13993787766e-05
2.13965177536e-05
2.13840007782e-05
2.14064121246e-05
2.14558839798e-05
2.14720964432e-05
2.14800834656e-05
2.14647054672e-05
2.25754976273e-05
2.18993425369e-05
2.17945575714e-05
2.17907428741e-05
2.18741893768e-05
2.17893123627e-05
2.17941999435e-05
2.19041109085e-05
2.18375921249e-05
2.18453407288e-05
2.1790266037e-05
2.1944642067e-05
2.1656870842e-05
2.16450691223e-05
2.16366052628e-05
2.16261148453e-05
2.15947628021e-05
2.17236280441e-05
2.17087268829e-05
2.18012332916e-05
2.17655897141e-05
2.3041009903e-05
2.18864679337e-05
2.1716594696e-05
2.17455625534e-05
2.19224691391e-05
2.16814279556e-05
2.19947099686e-05
2.1741271019e-05
2.19581127167e-05
2.17133760452e-05
2.2045135498e-05
2.18069553375e-05
2.16190814972e-05
2.1641254425e-05
2.16431617737e-05
2.16468572617e-05
2.16655731201e-05
2.16845273972e-05
2.17753648758e-05
2.16966867447e-05
2.20693349838e-05
2.17452049255e-05
2.16557979584e-05
2.15750932693e-05
2.1681189537e-05
2.15841531754e-05
2.16249227524e-05
2.17869281769e-05
2.17847824097e-05
2.19007730484e-05
2.1756529808e-05
2.19594240189e-05
2.16854810715e-05
2.16895341873e-05
2.16895341873e-05
2.16828584671e-05
2.17313766479e-05
2.17154026031e-05
2.1732211113e-05
2.166223526e-05
2.16006040573e-05
2.27698087692e-05
2.17015743256e-05
2.17257738113e-05
2.40031480789e-05
2.21291780472e-05
2.21416950226e-05
2.21745967865e-05
2.20928192139e-05
2.20077037811e-05
2.2173166275e-05
2.19601392746e-05
2.20296382904e-05
2.19378471375e-05
2.19358205795e-05
2.18093395233e-05
2.18306779861e-05
2.17900276184e-05
2.17912197113e-05
2.29157209396e-05
2.1989941597e-05
2.18402147293e-05
2.18466520309e-05
2.19174623489e-05
2.18251943588e-05
2.18441486359e-05
2.18683481216e-05
2.18316316605e-05
2.20460891724e-05
2.1836400032e-05
2.18204259872e-05
2.17124223709e-05
2.17264890671e-05
2.17467546463e-05
2.17888355255e-05
2.18162536621e-05
2.17620134354e-05
2.1711230278e-05
2.27164030075e-05
2.29352712631e-05
2.17587947845e-05
2.17769145966e-05
2.19076871872e-05
2.17688083649e-05
2.1910071373e-05
2.16772556305e-05
2.17291116714e-05
2.17918157578e-05
2.16104984283e-05
2.15891599655e-05
2.15734243393e-05
2.15960741043e-05
2.15177536011e-05
2.15183496475e-05
2.14936733246e-05
2.15049982071e-05
2.15603113174e-05
2.15092897415e-05
2.19821929932e-05
2.15364694595e-05
2.15173959732e-05
2.15262174606e-05
2.16553211212e-05
2.14869976044e-05
2.14878320694e-05
2.14427709579e-05
2.14408636093e-05
2.14860439301e-05
2.19317674637e-05
2.17372179031e-05
2.16863155365e-05
2.16652154922e-05
2.16938257217e-05
2.16791629791e-05
2.17607021332e-05
2.17269659042e-05
2.1763086319e-05
2.17552185059e-05
2.17177867889e-05
2.18124389648e-05
2.1756529808e-05
2.17733383179e-05
2.17632055283e-05
2.17448472977e-05
2.19006538391e-05
2.19731330872e-05
2.18865871429e-05
2.18658447266e-05
2.20103263855e-05
2.18414068222e-05
2.1809220314e-05
2.17636823654e-05
2.17829942703e-05
2.17601060867e-05
2.17858552933e-05
2.17905044556e-05
2.18411684036e-05
2.17760801315e-05
2.21545696259e-05
2.19742059708e-05
2.17612981796e-05
2.17291116714e-05
2.18694210052e-05
2.17870473862e-05
2.25038528442e-05
2.19250917435e-05
2.1786570549e-05
2.19513177872e-05
2.17971801758e-05
2.19604969025e-05
2.16926336288e-05
2.15845108032e-05
2.16037034988e-05
2.16002464294e-05
2.15554237366e-05
2.16237306595e-05
2.1733045578e-05
2.18148231506e-05
2.17492580414e-05
2.17878818512e-05
2.17872858047e-05
2.17407941818e-05
2.1785736084e-05
2.17995643616e-05
2.2438287735e-05
2.17695236206e-05
2.17132568359e-05
2.16503143311e-05
2.16681957245e-05
2.16586589813e-05
2.15768814087e-05
2.15924978256e-05
2.19628810883e-05
2.19407081604e-05
2.19066143036e-05
2.19383239746e-05
2.21073627472e-05
2.19802856445e-05
2.19197273254e-05
2.19970941544e-05
2.21042633057e-05
2.19857692719e-05
2.19560861588e-05
2.1768450737e-05
2.18561887741e-05
2.17782258987e-05
2.17913389206e-05
2.17281579971e-05
2.17794179916e-05
2.1760225296e-05
2.18312740326e-05
2.17317342758e-05
2.17109918594e-05
2.17516422272e-05
2.18042135239e-05
2.1922826767e-05
2.17628479004e-05
2.17730998993e-05
2.17410326004e-05
2.22667455673e-05
2.17691659927e-05
2.17492580414e-05
2.19466686249e-05
2.18091011047e-05
2.1809220314e-05
2.17398405075e-05
2.17417478561e-05
2.1735906601e-05
2.1750330925e-05
2.17802524567e-05
2.16771364212e-05
2.16584205627e-05
2.17169523239e-05
2.16176509857e-05
2.16821432114e-05
2.15783119202e-05
2.15691328049e-05
2.1554350853e-05
2.16753482819e-05
2.1629691124e-05
2.1536231041e-05
2.15890407562e-05
2.16466188431e-05
2.16602087021e-05
2.15891599655e-05
2.17118263245e-05
2.16323137283e-05
2.1710395813e-05
2.16653347015e-05
2.22029685974e-05
2.16357707977e-05
2.16073989868e-05
2.15470790863e-05
2.15725898743e-05
2.16563940048e-05
2.16094255447e-05
2.18534469604e-05
2.19118595123e-05
2.1911740303e-05
2.19823122025e-05
2.1989107132e-05
2.19048261642e-05
2.20037698746e-05
2.18900442123e-05
2.25324630737e-05
2.18623876572e-05
2.18279361725e-05
2.19027996063e-05
2.20042467117e-05
2.18110084534e-05
2.18027830124e-05
2.17968225479e-05
2.18356847763e-05
2.18805074692e-05
2.19057798386e-05
2.18428373337e-05
2.18348503113e-05
2.18328237534e-05
2.31455564499e-05
2.20707654953e-05
2.19988822937e-05
2.20010280609e-05
2.20725536346e-05
2.1936416626e-05
2.18771696091e-05
2.19579935074e-05
2.19513177872e-05
2.19449996948e-05
2.19008922577e-05
2.30848789215e-05
2.17427015305e-05
2.18158960342e-05
2.17339992523e-05
2.18275785446e-05
2.1867275238e-05
2.18441486359e-05
2.18539237976e-05
2.18461751938e-05
2.17537879944e-05
2.21832990646e-05
2.17928886414e-05
2.17696428299e-05
2.1870136261e-05
2.17218399048e-05
2.17896699905e-05
2.19475030899e-05
2.19544172287e-05
2.18623876572e-05
2.1840929985e-05
2.17742919922e-05
2.17601060867e-05
2.18198299408e-05
2.174949646e-05
2.1721124649e-05
2.18836069107e-05
2.18281745911e-05
2.19478607178e-05
2.16932296753e-05
2.17695236206e-05
2.1803021431e-05
2.21737623215e-05
2.22017765045e-05
2.24528312683e-05
2.22626924515e-05
2.21585035324e-05
2.20913887024e-05
2.21353769302e-05
2.2159576416e-05
2.20552682877e-05
2.20537185669e-05
2.20521688461e-05
2.20092535019e-05
2.19873189926e-05
2.1986246109e-05
2.19774246216e-05
2.1971821785e-05
2.19846963882e-05
2.20236778259e-05
2.20392942429e-05
2.1995306015e-05
2.21039056778e-05
2.20538377762e-05
2.20693349838e-05
2.2240281105e-05
2.20898389816e-05
2.21881866455e-05
2.21909284592e-05
2.19515562057e-05
2.2114276886e-05
2.21890211105e-05
2.19392776489e-05
2.19347476959e-05
2.19225883484e-05
2.19374895096e-05
2.20161676407e-05
2.19128131866e-05
2.24068164825e-05
2.19639539719e-05
2.1928191185e-05
2.19581127167e-05
2.21201181412e-05
2.18495130539e-05
2.18787193298e-05
2.19357013702e-05
2.18099355698e-05
2.18616724014e-05
2.18893289566e-05
2.19098329544e-05
2.17652320862e-05
2.1680355072e-05
2.16425657272e-05
2.15945243835e-05
2.16466188431e-05
2.16902494431e-05
2.17020511627e-05
2.16898918152e-05
2.17871665955e-05
2.17083692551e-05
2.17328071594e-05
2.16393470764e-05
2.1800994873e-05
2.17777490616e-05
2.1626830101e-05
2.27771997452e-05
2.20009088516e-05
2.18689441681e-05
2.18825340271e-05
2.20085382462e-05
2.19086408615e-05
2.18482017517e-05
2.184009552e-05
2.19094753265e-05
2.18946933746e-05
2.20655202866e-05
2.19093561172e-05
2.1867275238e-05
2.18570232391e-05
2.368080616e-05
2.20317840576e-05
0.0
