2.87318229675e-05
3.38735580444e-05
3.89596223831e-05
3.85770797729e-05
4.27359342575e-05
4.60752248764e-05
4.58359718323e-05
4.77561950684e-05
5.24595975876e-05
8.81626605988e-05
9.46201086044e-05
0.000100704908371
6.28294944763e-05
6.55715465546e-05
7.09995031357e-05
7.3863863945e-05
7.45054483414e-05
7.72053003311e-05
7.95435905457e-05
8.20906162262e-05
8.47676992416e-05
8.75637531281e-05
8.87644290924e-05
8.99612903595e-05
9.55768823624e-05
9.80185270309e-05
0.000101228356361
0.000103092074394
0.000106028199196
0.000108213663101
0.000115970373154
0.000118129372597
0.000117156863213
0.000119527101517
0.000121801257133
0.000124651432037
0.000126849651337
0.000129517436028
0.00013042652607
0.000130637168884
0.000137181639671
0.000138990521431
0.000143742203712
0.000144902825356
0.000148108124733
0.000149978637695
0.000160308241844
0.000161680459976
0.000159893751144
0.000162897348404
0.000168073773384
0.000167491316795
0.00016927421093
0.000171831965446
0.000172751307487
0.000171549320221
0.00017942237854
0.000181179523468
0.000185375571251
0.000187984108925
0.000191442847252
0.000192714095116
0.000204701662064
0.000205505490303
0.000201821088791
0.000202947735786
0.000206836819649
0.00021040558815
0.000211662054062
0.000214586734772
0.000213978171349
0.000212441325188
0.000220905780792
0.000223639965057
0.000227072954178
0.000228931188583
0.00023402428627
0.000233998060226
0.000249461650848
0.000249966144562
0.000243132829666
0.000244664430618
0.000249855160713
0.000252173304558
0.000254955291748
0.000258075237274
0.000256526231766
0.000253836989403
0.000263376235962
0.000266133546829
0.000269841313362
0.000270831823349
0.000275309801102
0.000276679635048
0.000297636508942
0.000293825030327
0.000283488988876
0.00028680741787
0.000290358543396
0.000291410803795
0.000295648694038
0.000299829602242
0.000298810243607
0.000296877384186
0.000304903388023
0.000309540629387
0.000310183286667
0.000315057516098
0.000316938519478
0.000320150971413
0.000339308738708
0.000337277770042
0.000327585339546
0.000329271793365
0.000332689881325
0.000334158182144
0.000343527436256
0.000341570138931
0.000342720031738
0.000341952085495
0.000348610758781
0.00035408616066
0.000354360699654
0.000357591032982
0.000359939098358
0.000362250328064
0.000382855296135
0.000388473629951
0.000373106956482
0.000372754335403
0.000379398465157
0.000381807923317
0.000387790441513
0.000388209939003
0.000385559558868
0.000383527994156
0.000398599624634
0.000404187083244
0.00040232026577
0.000405793905258
0.000410535931587
0.000414033293724
0.000434508800507
0.000436583161354
0.000425447821617
0.000425694584846
0.000430236577988
0.000431043624878
0.00044290137291
0.000454003572464
0.000440976381302
0.000431851029396
0.000443571686745
0.000451600074768
0.000455548524857
0.000463344573975
0.000459528207779
0.000467028975487
0.000488725304604
0.000497141003609
0.000479063630104
0.000484028577805
0.000490804433823
0.000487714409828
0.000492198348045
0.000493767619133
0.000499497294426
0.000491223812103
0.000508608818054
0.000507323980331
0.00051239323616
0.000548257708549
0.000512390494347
0.000524998307228
0.000547219157219
0.000560901403427
0.000538238048553
0.000537403702736
0.000555698037148
0.000560240387917
0.000557130694389
0.000557530522346
0.000556951403618
0.000554762244225
0.000567377209663
0.000573996901512
0.000573907852173
0.000589163780212
0.000590631127357
0.000593769192696
0.00062980735302
0.000626792669296
0.000604170441628
0.000610433697701
0.000614076495171
0.000619577765465
0.000637190461159
0.000633514761925
0.000639502763748
0.000627298474312
0.000658640265465
0.000659229159355
0.000653836131096
0.000659426212311
0.000709784984589
0.000677433729172
0.000696549415588
0.000711734414101
0.000682105064392
0.000688969373703
0.000695605754852
0.000703244686127
0.000704405784607
0.000708896517754
0.000717871785164
0.000697513461113
0.000727942109108
0.00074022424221
0.000771244049072
0.000759953141212
0.000740745663643
0.00075977063179
0.000781805157661
0.00079094851017
0.000767391681671
0.000764890670776
0.000798815011978
0.000805540204048
0.000777428150177
0.000800316572189
0.000818904519081
0.000798963069916
0.000828452944756
0.000816036820412
0.000830451369286
0.000837980151176
0.000837335824966
0.000846787214279
0.000897887349129
0.000896599888802
0.000860978841782
0.000873862504959
0.00091338789463
0.000905215978622
0.000895448088646
0.000913662791252
0.000916302323341
0.000898936033249
0.000937382102013
0.000926117062569
0.000934925794601
0.000937060236931
0.000981590628624
0.000949753642082
0.00102108609676
0.00100321638584
0.000971455454826
0.000981962561607
0.00100101470947
0.000988889694214
0.000994869112968
0.00101375281811
0.00103276515007
0.00100748324394
0.00104463613033
0.00103575634956
0.00104968559742
0.00106077063084
0.00105129051208
0.00105113077164
0.00109466028214
0.00109774506092
0.00106580805779
0.00110385751724
0.00107434296608
0.001100289464
0.00110255360603
0.00110821866989
0.00112431204319
0.00110276794434
0.00112965106964
0.00112607192993
0.00114706373215
0.00114575719833
0.00115980112553
0.00116092848778
0.0012043710947
0.00122228658199
0.00109890735149
0.00108161902428
0.00109215211868
0.00111054480076
0.00109243500233
0.00110128378868
0.00111734008789
0.00109798312187
0.00113083350658
0.00112167322636
0.00113631212711
0.00114365756512
0.0011600060463
0.00113495767117
0.00116917097569
0.00118337213993
0.00116106748581
0.00116798555851
0.0011726423502
0.00118772816658
0.00118269336224
0.0012013463974
0.00121872472763
0.00119319844246
0.00121450018883
0.00120093369484
0.00121700847149
0.0012199524641
0.00122583508492
0.00133154690266
0.00138698780537
0.00138008666039
0.00135854148865
0.00136799991131
0.00137490344048
0.00141083264351
0.00138479197025
0.00140951013565
0.00144087731838
0.00141086125374
0.00143341398239
0.00142836606503
0.00144193971157
0.00145599937439
0.00143923020363
0.00144781470299
0.00149302732944
0.00146943283081
0.00144894707203
0.00146698641777
0.00149135792255
0.00149615645409
0.00151016497612
0.00150602507591
0.00155821084976
0.001517390728
0.00154848504066
0.00153810095787
0.0015423759222
0.00156278562546
0.00156838309765
0.0015606303215
0.0015769546032
0.00159515082836
0.00157916343212
0.00158497142792
0.00158918619156
0.00158627533913
0.00160366666317
0.00161074411869
0.00165906727314
0.00161870992184
0.00162323272228
0.00161444568634
0.00163338541985
0.00166191160679
0.00163074362278
0.00162571656704
0.00166725707054
0.001681812644
0.00167785453796
0.00167274785042
0.001687510252
0.00166595160961
0.00170044565201
0.00169879090786
0.00175433838367
0.0017262994051
0.00174684262276
0.00172027122974
0.00174749410152
0.00173830461502
0.00174106538296
0.00174287283421
0.0017548469305
0.001789919734
0.00167590069771
0.00167993879318
0.00168444168568
0.00173313653469
0.00167372703552
0.00169283258915
0.00172732079029
0.00170370614529
0.00168525362015
0.00168010652065
0.0017345495224
0.00174308776855
0.00171615767479
0.00169421994686
0.00170677947998
0.00169715487957
0.00175692117214
0.00177056312561
0.00177007317543
0.00174234557152
0.00178176259995
0.00179394614697
0.00185529661179
0.00178992938995
0.00180970978737
0.00177171337605
0.00181720364094
0.00180454838276
0.00181304502487
0.00178862309456
0.00179367816448
0.00179323327541
0.001818988204
0.00183333754539
0.0018232729435
0.0018142939806
0.00187425720692
0.00188233649731
0.00192061543465
0.00188187992573
0.00189602744579
0.00185697543621
0.0018951343298
0.00189868462086
0.00191882455349
0.00187567806244
0.00188065624237
0.00188205111027
0.00191246700287
0.00193943750858
0.00194195210934
0.00191308867931
0.00197048425674
0.00195938909054
0.00200169634819
0.00194698035717
0.00196917665005
0.00193237650394
0.00206328141689
0.00213202595711
0.00214082682133
0.00210135877132
0.00212761664391
0.00213257420063
0.00216903460026
0.00217505335808
0.002180950284
0.00215745806694
0.00219810318947
0.00220927906036
0.00226967215538
0.00220962226391
0.00221970462799
0.00215816736221
0.00221411037445
0.00223683822155
0.00220234763622
0.00217045867443
0.0021873537302
0.00219949066639
0.00225938677788
0.00226087248325
0.00226325535774
0.0022171176672
0.00226968002319
0.00227203822136
0.00235945236683
0.00229153811932
0.00229118132591
0.00226969599724
0.00232409727573
0.00234739208221
0.00235483050346
0.00228600549698
0.00232259333134
0.00228848695755
0.00235576927662
0.00235280311108
0.00236375570297
0.00231066930294
0.00228546261787
0.0022193877697
0.00227504563332
0.0021908659935
0.00221180725098
0.0021717274189
0.00224319636822
0.00225720489025
0.00226428043842
0.00220813345909
0.00220897436142
0.00221397185326
0.00227045726776
0.00229252672195
0.00227394294739
2.2970199585e-05
