2.32063531876e-05
2.30774879456e-05
2.31826305389e-05
2.31367349625e-05
2.33191251755e-05
2.29512453079e-05
2.40963697433e-05
2.321434021e-05
2.31426954269e-05
2.31465101242e-05
2.35359668732e-05
2.32086181641e-05
2.30288505554e-05
2.30566263199e-05
2.32568979263e-05
2.3205280304e-05
2.31683254242e-05
2.38630771637e-05
2.34681367874e-05
2.33010053635e-05
2.33832597733e-05
2.31751203537e-05
2.34740972519e-05
2.32328176498e-05
2.31606960297e-05
2.32268571854e-05
2.32092142105e-05
2.3264169693e-05
2.36655473709e-05
2.32224464417e-05
2.34158039093e-05
2.32733488083e-05
2.33920812607e-05
2.35507488251e-05
2.33114957809e-05
2.31119394302e-05
2.36686468124e-05
2.30838060379e-05
2.31856107712e-05
2.31288671494e-05
2.33492851257e-05
2.34346389771e-05
2.32988595963e-05
2.31984853745e-05
2.40961313248e-05
2.34869718552e-05
2.3897767067e-05
2.31913328171e-05
2.32326984406e-05
2.37348079681e-05
2.35497951508e-05
2.32092142105e-05
2.31828689575e-05
2.33272314072e-05
2.35456228256e-05
2.32501029968e-05
2.31832265854e-05
2.31006145477e-05
2.32845544815e-05
2.32117176056e-05
2.321600914e-05
2.32396125793e-05
2.35747098923e-05
2.32282876968e-05
2.34283208847e-05
2.32280492783e-05
2.40170955658e-05
2.32450962067e-05
2.33186483383e-05
2.31599807739e-05
2.32380628586e-05
2.34451293945e-05
2.35340595245e-05
2.32853889465e-05
2.33360528946e-05
2.32135057449e-05
2.31962203979e-05
2.33343839645e-05
2.37214565277e-05
2.37847566605e-05
2.32791900635e-05
2.32186317444e-05
2.32095718384e-05
2.32821702957e-05
2.3292183876e-05
2.32846736908e-05
2.32529640198e-05
2.36412286758e-05
2.33291387558e-05
2.32800245285e-05
2.33354568481e-05
2.33777761459e-05
2.321600914e-05
2.31115818024e-05
2.32412815094e-05
2.31788158417e-05
2.33374834061e-05
2.34875679016e-05
2.32368707657e-05
2.32700109482e-05
2.33172178268e-05
2.38728523254e-05
2.32667922974e-05
2.3291349411e-05
2.3232460022e-05
2.32433080673e-05
2.31479406357e-05
2.34880447388e-05
2.37368345261e-05
2.3300409317e-05
2.32819318771e-05
2.32937335968e-05
2.32739448547e-05
2.34037637711e-05
2.32154130936e-05
2.33023166656e-05
2.31826305389e-05
2.32855081558e-05
2.36967802048e-05
2.32501029968e-05
2.3265004158e-05
2.32467651367e-05
2.33159065247e-05
2.32627391815e-05
2.31231451035e-05
2.31635570526e-05
2.33478546143e-05
2.33546495438e-05
2.32952833176e-05
2.33706235886e-05
2.37457752228e-05
2.34526395798e-05
2.33352184296e-05
2.3487329483e-05
2.34696865082e-05
2.35235691071e-05
2.34079360962e-05
2.36167907715e-05
2.34881639481e-05
2.39162445068e-05
2.32852697372e-05
2.33297348022e-05
2.32615470886e-05
2.36732959747e-05
2.3877620697e-05
2.3453950882e-05
2.3376584053e-05
2.34439373016e-05
2.33439207077e-05
2.33087539673e-05
2.33150720596e-05
2.35265493393e-05
2.40796804428e-05
2.36673355103e-05
2.34704017639e-05
2.45770215988e-05
2.3726940155e-05
2.36766338348e-05
2.37115621567e-05
2.37284898758e-05
2.36185789108e-05
2.38144397736e-05
2.38643884659e-05
2.35823392868e-05
2.34894752502e-05
2.35384702682e-05
2.35043764114e-05
2.34711170197e-05
2.35011577606e-05
2.34034061432e-05
2.33659744263e-05
2.34419107437e-05
2.36078500748e-05
2.38423347473e-05
2.35071182251e-05
2.35110521317e-05
2.34587192535e-05
2.34969854355e-05
2.34323740005e-05
2.35283374786e-05
2.35198736191e-05
2.35517024994e-05
2.45853662491e-05
2.36428976059e-05
2.35979557037e-05
2.35511064529e-05
2.37739086151e-05
2.42542028427e-05
2.3638010025e-05
2.34733819962e-05
2.34380960464e-05
2.34838724136e-05
2.34346389771e-05
2.34574079514e-05
2.3438334465e-05
2.36150026321e-05
2.3836016655e-05
2.35863924026e-05
2.35431194305e-05
2.52126455307e-05
2.36636400223e-05
2.35816240311e-05
2.35908031464e-05
2.35885381699e-05
2.3512840271e-05
2.4387717247e-05
2.44084596634e-05
2.34676599503e-05
2.35842466354e-05
2.34349966049e-05
2.34318971634e-05
2.34850645065e-05
2.33343839645e-05
2.34060287476e-05
2.34307050705e-05
2.34471559525e-05
2.33701467514e-05
2.34396457672e-05
2.33653783798e-05
2.46433019638e-05
2.35393047333e-05
2.34611034393e-05
2.37451791763e-05
2.34483480453e-05
2.3576259613e-05
2.35766172409e-05
2.36186981201e-05
2.34912633896e-05
2.36729383469e-05
2.38389968872e-05
2.36141681671e-05
2.35790014267e-05
2.36726999283e-05
2.35729217529e-05
2.35701799393e-05
2.35276222229e-05
2.35229730606e-05
2.3406624794e-05
2.37041711807e-05
2.35888957977e-05
2.35506296158e-05
2.38181352615e-05
2.35639810562e-05
2.49254703522e-05
2.38245725632e-05
2.34578847885e-05
2.35542058945e-05
2.35440731049e-05
2.35921144485e-05
2.35589742661e-05
2.38296985626e-05
2.37461328506e-05
2.35848426819e-05
2.37855911255e-05
2.35768556595e-05
2.35766172409e-05
2.36392021179e-05
2.36500501633e-05
2.36163139343e-05
2.35837697983e-05
2.36333608627e-05
2.3606300354e-05
2.3708820343e-05
2.36624479294e-05
2.36568450928e-05
2.47445106506e-05
2.36866474152e-05
2.37481594086e-05
2.37519741058e-05
2.38840579987e-05
2.38407850266e-05
2.3600935936e-05
2.37402915955e-05
2.3628950119e-05
2.37795114517e-05
2.35080718994e-05
2.35993862152e-05
2.35662460327e-05
2.37140655518e-05
2.36184597015e-05
2.35786437988e-05
2.3544549942e-05
2.41649150848e-05
2.4053812027e-05
2.3534655571e-05
2.34583616257e-05
2.45575904846e-05
2.35903263092e-05
2.35362052917e-05
2.35457420349e-05
2.36034393311e-05
2.365899086e-05
2.37789154053e-05
2.35211849213e-05
2.35731601715e-05
2.35342979431e-05
2.36728191376e-05
2.3596405983e-05
2.42005586624e-05
2.35439538956e-05
2.35795974731e-05
2.34742164612e-05
2.35353708267e-05
2.34718322754e-05
2.36260890961e-05
2.3582816124e-05
2.35416889191e-05
2.35340595245e-05
2.36804485321e-05
2.42087841034e-05
2.35884189606e-05
2.34941244125e-05
2.37472057343e-05
2.36124992371e-05
2.35683917999e-05
2.34475135803e-05
2.36219167709e-05
2.35086679459e-05
2.34909057617e-05
2.35376358032e-05
2.35649347305e-05
2.35153436661e-05
2.34372615814e-05
2.34906673431e-05
2.35282182693e-05
2.37113237381e-05
2.35725641251e-05
2.36903429031e-05
2.38225460052e-05
2.36833095551e-05
2.36196517944e-05
2.43158340454e-05
2.3650765419e-05
2.37283706665e-05
2.37917900085e-05
2.37333774567e-05
2.37823724747e-05
2.37938165665e-05
2.386033535e-05
2.35756635666e-05
2.37188339233e-05
2.37469673157e-05
2.3713350296e-05
2.36560106277e-05
2.37358808517e-05
2.36924886703e-05
2.38139629364e-05
2.36018896103e-05
2.35180854797e-05
2.35004425049e-05
2.37907171249e-05
2.36247777939e-05
2.36814022064e-05
2.3558139801e-05
2.3717045784e-05
2.36716270447e-05
2.39924192429e-05
2.36521959305e-05
2.36946344376e-05
2.37725973129e-05
2.36595869064e-05
2.36492156982e-05
2.37889289856e-05
2.37030982971e-05
2.36976146698e-05
2.35911607742e-05
2.36692428589e-05
2.37234830856e-05
2.37752199173e-05
2.35960483551e-05
2.36893892288e-05
2.36424207687e-05
2.37228870392e-05
2.36785411835e-05
2.38876342773e-05
2.37325429916e-05
2.37202644348e-05
2.36949920654e-05
2.3735165596e-05
2.38729715347e-05
2.3931145668e-05
2.38009691238e-05
2.38614082336e-05
2.37680673599e-05
2.39174365997e-05
2.37727165222e-05
2.38097906113e-05
2.37741470337e-05
2.38754749298e-05
2.38126516342e-05
2.38108634949e-05
2.37941741943e-05
2.38052606583e-05
2.3854136467e-05
2.38064527512e-05
2.37030982971e-05
2.37519741058e-05
2.38218307495e-05
2.37873792648e-05
2.38213539124e-05
2.38246917725e-05
2.39338874817e-05
2.39082574844e-05
2.39070653915e-05
2.41799354553e-05
2.39304304123e-05
2.49269008636e-05
2.40241289139e-05
2.39925384521e-05
2.38227844238e-05
2.39591598511e-05
2.3828625679e-05
2.39341259003e-05
2.42351293564e-05
2.38265991211e-05
2.38342285156e-05
2.38665342331e-05
2.38710641861e-05
2.38307714462e-05
2.38275527954e-05
2.38636732101e-05
2.39584445953e-05
2.39309072495e-05
2.38775014877e-05
2.38795280457e-05
2.4082660675e-05
2.40995883942e-05
2.3943901062e-05
2.39143371582e-05
2.39729881287e-05
2.39062309265e-05
2.37797498703e-05
2.38065719604e-05
2.3864030838e-05
2.38378047943e-05
2.38180160522e-05
2.379155159e-05
2.39429473877e-05
2.38540172577e-05
2.38386392593e-05
2.52954959869e-05
2.38862037659e-05
2.39533185959e-05
2.40629911423e-05
2.412545681e-05
2.38924026489e-05
2.3983836174e-05
2.39009857178e-05
2.39448547363e-05
2.38823890686e-05
2.38364934921e-05
2.37809419632e-05
2.38188505173e-05
2.38956212997e-05
2.38851308823e-05
2.38859653473e-05
2.38039493561e-05
2.37791538239e-05
2.38493680954e-05
2.38745212555e-05
2.37571001053e-05
2.394759655e-05
2.37876176834e-05
2.37381458282e-05
2.38164663315e-05
2.38434076309e-05
2.38817930222e-05
2.38431692123e-05
2.38786935806e-05
2.40347385406e-05
2.3920416832e-05
2.39675045013e-05
2.39690542221e-05
2.37590074539e-05
2.38324403763e-05
2.39233970642e-05
2.390396595e-05
2.38853693008e-05
2.38847732544e-05
2.38651037216e-05
2.40070819855e-05
2.39017009735e-05
2.41808891296e-05
2.3935675621e-05
2.39626169205e-05
2.39826440811e-05
2.39862203598e-05
2.39737033844e-05
2.39150524139e-05
2.3998260498e-05
2.40708589554e-05
2.39280462265e-05
2.39424705505e-05
2.39822864532e-05
2.39394903183e-05
2.39312648773e-05
2.39640474319e-05
2.39074230194e-05
2.39634513855e-05
2.38366127014e-05
2.39970684052e-05
2.39719152451e-05
2.39123106003e-05
2.54009962082e-05
2.39857435226e-05
2.39496231079e-05
2.39689350128e-05
2.25121974945e-05
2.77272462845e-05
2.1778345108e-05
2.72479057312e-05
2.08340883255e-05
2.1755695343e-05
2.07254886627e-05
2.13649272919e-05
2.08300352097e-05
2.07413434982e-05
2.06737518311e-05
2.06906795502e-05
2.06918716431e-05
2.06242799759e-05
2.06624269485e-05
2.086186409e-05
2.10961103439e-05
2.07061767578e-05
2.05841064453e-05
2.20559835434e-05
2.09113359451e-05
2.068567276e-05
2.06458568573e-05
2.06716060638e-05
2.08061933517e-05
2.06549167633e-05
2.05820798874e-05
2.08300352097e-05
2.07427740097e-05
2.07908153534e-05
2.09913253784e-05
2.0821928978e-05
2.06242799759e-05
2.0651102066e-05
2.06085443497e-05
2.06691026688e-05
2.05799341202e-05
2.07314491272e-05
2.07444429398e-05
2.07834243774e-05
2.08632946014e-05
2.2340297699e-05
2.07613706589e-05
2.08883285522e-05
2.08457708359e-05
2.08929777145e-05
2.09617614746e-05
2.1693944931e-05
2.13029384613e-05
2.11604833603e-05
2.08995342255e-05
2.09541320801e-05
2.081823349e-05
2.12770700455e-05
2.06907987595e-05
2.07040309906e-05
2.06699371338e-05
2.06701755524e-05
2.08792686462e-05
2.07386016846e-05
2.07986831665e-05
2.07707881927e-05
2.06857919693e-05
2.07599401474e-05
2.26064920425e-05
2.07829475403e-05
2.08139419556e-05
2.08234786987e-05
2.09025144577e-05
2.07695960999e-05
2.07127332687e-05
2.07616090775e-05
2.07382440567e-05
2.07942724228e-05
2.08549499512e-05
2.07796096802e-05
2.07408666611e-05
2.06639766693e-05
2.07308530807e-05
2.06886529922e-05
2.07377672195e-05
2.07316875458e-05
2.07127332687e-05
2.07800865173e-05
2.07254886627e-05
2.22566127777e-05
2.08857059479e-05
2.08036899567e-05
2.08442211151e-05
2.08233594894e-05
2.08172798157e-05
2.08526849747e-05
2.07719802856e-05
2.07566022873e-05
2.09192037582e-05
2.08320617676e-05
2.08975076675e-05
2.09234952927e-05
2.08245515823e-05
2.07278728485e-05
2.08376646042e-05
2.08297967911e-05
2.07473039627e-05
2.09333896637e-05
2.10782289505e-05
2.08338499069e-05
2.07055807114e-05
2.07598209381e-05
2.07494497299e-05
2.07443237305e-05
2.07026004791e-05
2.07154750824e-05
2.09735631943e-05
2.20255851746e-05
2.08171606064e-05
2.08204984665e-05
2.07722187042e-05
2.09237337112e-05
2.08008289337e-05
2.07277536392e-05
2.07225084305e-05
2.07514762878e-05
2.07250118256e-05
2.07184553146e-05
2.11100578308e-05
2.07524299622e-05
2.08256244659e-05
2.07390785217e-05
2.17444896698e-05
2.10559368134e-05
2.08432674408e-05
2.09258794785e-05
2.08427906036e-05
2.08891630173e-05
2.27134227753e-05
2.28796005249e-05
2.10344791412e-05
2.08494663239e-05
2.07766294479e-05
2.09637880325e-05
2.17437744141e-05
2.09578275681e-05
2.0928144455e-05
2.06995010376e-05
2.06935405731e-05
2.07252502441e-05
2.06696987152e-05
2.12370157242e-05
2.15015411377e-05
2.10025310516e-05
2.08016633987e-05
2.07763910294e-05
2.06836462021e-05
2.3154258728e-05
2.07921266556e-05
2.06956863403e-05
2.07114219666e-05
2.10155248642e-05
2.09437608719e-05
2.07560062408e-05
2.08034515381e-05
2.07649469376e-05
2.08189487457e-05
2.07004547119e-05
2.0597577095e-05
2.05880403519e-05
2.06751823425e-05
2.06327438354e-05
2.0768404007e-05
2.10248231888e-05
2.07668542862e-05
2.08220481873e-05
2.08256244659e-05
2.21064090729e-05
2.07864046097e-05
2.07996368408e-05
2.0836353302e-05
2.07604169846e-05
2.0939707756e-05
2.11478471756e-05
2.18566656113e-05
2.1090388298e-05
2.07726955414e-05
2.10003852844e-05
2.10127830505e-05
2.07872390747e-05
2.0712852478e-05
2.07227468491e-05
2.07827091217e-05
2.07091569901e-05
2.06894874573e-05
2.07823514938e-05
2.10186243057e-05
2.08559036255e-05
2.0840883255e-05
2.11706161499e-05
2.22754478455e-05
2.07775831223e-05
2.08327770233e-05
2.08531618118e-05
2.10049152374e-05
2.11017131805e-05
2.15784311295e-05
2.1066904068e-05
2.08600759506e-05
2.10013389587e-05
2.0867228508e-05
2.09242105484e-05
2.08157300949e-05
2.07809209824e-05
2.07018852234e-05
2.08323001862e-05
2.10939645767e-05
2.10899114609e-05
2.09145545959e-05
2.07701921463e-05
2.19838619232e-05
2.10202932358e-05
2.06748247147e-05
2.0744562149e-05
2.07662582397e-05
2.07777023315e-05
2.12289094925e-05
2.10574865341e-05
2.07347869873e-05
2.07644701004e-05
2.07849740982e-05
2.07785367966e-05
2.07116603851e-05
2.06695795059e-05
2.06469297409e-05
2.0782828331e-05
2.08888053894e-05
2.07064151764e-05
2.07984447479e-05
2.103972435e-05
2.0761013031e-05
2.07197666168e-05
2.10622549057e-05
2.12360620499e-05
2.07558870316e-05
2.08359956741e-05
2.08040475845e-05
2.08532810211e-05
2.13189125061e-05
2.08060741425e-05
2.08122730255e-05
2.06817388535e-05
2.08560228348e-05
2.11585760117e-05
2.09794044495e-05
2.09038257599e-05
2.07436084747e-05
2.07152366638e-05
2.07457542419e-05
2.07669734955e-05
2.07546949387e-05
2.11457014084e-05
2.0744562149e-05
2.07374095917e-05
2.08030939102e-05
2.19821929932e-05
2.0890712738e-05
2.07695960999e-05
2.08669900894e-05
2.08103656769e-05
2.08185911179e-05
2.08506584167e-05
2.10622549057e-05
2.07875967026e-05
2.08261013031e-05
2.07613706589e-05
2.11822986603e-05
2.08177566528e-05
2.09048986435e-05
2.07480192184e-05
2.07110643387e-05
2.07523107529e-05
2.07496881485e-05
2.08082199097e-05
2.08374261856e-05
2.13133096695e-05
2.09496021271e-05
2.08292007446e-05
2.21934318542e-05
2.09732055664e-05
2.08718776703e-05
2.08868980408e-05
2.08684206009e-05
2.1134018898e-05
2.1247625351e-05
2.1182179451e-05
2.08678245544e-05
2.07908153534e-05
2.08096504211e-05
2.07388401031e-05
2.07493305206e-05
2.07669734955e-05
2.08444595337e-05
2.07790136337e-05
2.08166837692e-05
2.08818912506e-05
2.11527347565e-05
2.09473371506e-05
2.07320451736e-05
2.25585699081e-05
2.09845304489e-05
2.07949876785e-05
2.08854675293e-05
2.08151340485e-05
2.08276510239e-05
2.09819078445e-05
2.11689472198e-05
2.07769870758e-05
2.08159685135e-05
2.06995010376e-05
2.07306146622e-05
2.0822763443e-05
2.07188129425e-05
2.07282304764e-05
2.07275152206e-05
2.07362174988e-05
2.07705497742e-05
2.08572149277e-05
2.10376977921e-05
2.07830667496e-05
2.07946300507e-05
2.08407640457e-05
2.18316316605e-05
2.09064483643e-05
2.09790468216e-05
2.08973884583e-05
2.11066007614e-05
2.1110534668e-05
2.08867788315e-05
2.09482908249e-05
2.08675861359e-05
2.09673643112e-05
2.08438634872e-05
2.07387208939e-05
2.07399129868e-05
2.08181142807e-05
2.08170413971e-05
2.07753181458e-05
2.0848274231e-05
2.11373567581e-05
2.09041833878e-05
2.09145545959e-05
2.08500623703e-05
2.08860635757e-05
2.08919048309e-05
2.0928144455e-05
2.09062099457e-05
2.08741426468e-05
2.08908319473e-05
2.11236476898e-05
2.09847688675e-05
2.08711624146e-05
2.07800865173e-05
2.07811594009e-05
2.09453105927e-05
2.07513570786e-05
2.08061933517e-05
2.07792520523e-05
2.08030939102e-05
2.08563804626e-05
2.08525657654e-05
2.11707353592e-05
2.08358764648e-05
2.08213329315e-05
2.09263563156e-05
2.08566188812e-05
2.08165645599e-05
2.08585262299e-05
2.08985805511e-05
2.09857225418e-05
2.11218595505e-05
2.14684009552e-05
2.09782123566e-05
2.09608078003e-05
2.08778381348e-05
2.08505392075e-05
2.09180116653e-05
2.10127830505e-05
2.08668708801e-05
2.07871198654e-05
2.07970142365e-05
2.07920074463e-05
2.08140611649e-05
2.08636522293e-05
2.08526849747e-05
2.08120346069e-05
2.08348035812e-05
2.08187103271e-05
2.20854282379e-05
2.09430456161e-05
2.0877122879e-05
2.08292007446e-05
2.0902633667e-05
2.08650827408e-05
2.09562778473e-05
2.08394527435e-05
2.08733081818e-05
2.08761692047e-05
2.09485292435e-05
2.11308002472e-05
2.08631753922e-05
2.07961797714e-05
2.08280086517e-05
2.08268165588e-05
2.08402872086e-05
2.08162069321e-05
2.08357572556e-05
2.07424163818e-05
2.08104848862e-05
2.07909345627e-05
2.24981307983e-05
2.08566188812e-05
2.08560228348e-05
2.08467245102e-05
2.08992958069e-05
2.08929777145e-05
2.08202600479e-05
2.08884477615e-05
2.08827257156e-05
2.08747386932e-05
2.09481716156e-05
2.09693908691e-05
2.08722352982e-05
2.07648277283e-05
2.07999944687e-05
2.07695960999e-05
2.08126306534e-05
2.07705497742e-05
2.08162069321e-05
2.08296775818e-05
2.08319425583e-05
2.17869281769e-05
2.08789110184e-05
2.07574367523e-05
2.08399295807e-05
2.10828781128e-05
2.08719968796e-05
2.09511518478e-05
2.07773447037e-05
2.09183692932e-05
2.11052894592e-05
2.0867228508e-05
2.09666490555e-05
2.09556818008e-05
2.08154916763e-05
2.0786523819e-05
2.07711458206e-05
2.07545757294e-05
2.07957029343e-05
2.08076238632e-05
2.09053754807e-05
2.0926117897e-05
2.10320949554e-05
2.09118127823e-05
2.09431648254e-05
2.14524269104e-05
2.09802389145e-05
2.09957361221e-05
2.09934711456e-05
2.08959579468e-05
2.09295749664e-05
2.10620164871e-05
2.08909511566e-05
2.10475921631e-05
2.11132764816e-05
2.09695100784e-05
2.09193229675e-05
2.08904743195e-05
2.09592580795e-05
2.08930969238e-05
2.09443569183e-05
2.08817720413e-05
2.09203958511e-05
2.09858417511e-05
2.09552049637e-05
2.28431224823e-05
2.095246315e-05
2.09122896194e-05
2.09927558899e-05
2.12023258209e-05
2.10942029953e-05
2.08570957184e-05
2.0934343338e-05
2.10971832275e-05
2.09313631058e-05
2.10349559784e-05
2.09668874741e-05
2.110683918e-05
2.09921598434e-05
2.08737850189e-05
2.0852804184e-05
2.08555459976e-05
2.08703279495e-05
2.08466053009e-05
2.09271907806e-05
2.09513902664e-05
2.09646224976e-05
2.09259986877e-05
2.09147930145e-05
2.09654569626e-05
2.0898938179e-05
2.09257602692e-05
2.09883451462e-05
2.09971666336e-05
2.10045576096e-05
2.08805799484e-05
2.09141969681e-05
2.08916664124e-05
2.10791826248e-05
2.09233760834e-05
2.11842060089e-05
2.09366083145e-05
2.09015607834e-05
2.09064483643e-05
2.08835601807e-05
2.08456516266e-05
2.09212303162e-05
2.09337472916e-05
2.09715366364e-05
2.09091901779e-05
2.09480524063e-05
2.21344232559e-05
2.10809707642e-05
2.09292173386e-05
2.09567546844e-05
2.09352970123e-05
2.09655761719e-05
2.1049618721e-05
2.10270881653e-05
2.08915472031e-05
2.09171772003e-05
2.09412574768e-05
2.09665298462e-05
2.09919214249e-05
2.0937204361e-05
2.08928585052e-05
2.09085941315e-05
2.0830988884e-05
2.08514928818e-05
2.0898103714e-05
2.09369659424e-05
2.09273099899e-05
2.0938038826e-05
2.09239721298e-05
2.22305059433e-05
2.08855867386e-05
2.09287405014e-05
2.09602117538e-05
2.09568738937e-05
2.08803415298e-05
2.09032297134e-05
2.09676027298e-05
2.09634304047e-05
2.10486650467e-05
2.101957798e-05
2.09120512009e-05
2.09407806396e-05
2.08961963654e-05
2.09311246872e-05
2.09145545959e-05
2.09513902664e-05
2.09223031998e-05
2.08492279053e-05
2.08302736282e-05
2.09414958954e-05
2.09803581238e-05
2.09029912949e-05
2.09625959396e-05
2.09789276123e-05
2.10399627686e-05
2.10134983063e-05
2.09431648254e-05
2.09718942642e-05
2.11148262024e-05
2.0969748497e-05
2.11287736893e-05
2.1167755127e-05
2.10087299347e-05
2.10181474686e-05
2.09867954254e-05
2.10391283035e-05
2.10183858871e-05
2.10282802582e-05
2.10094451904e-05
2.10388898849e-05
2.11118459702e-05
2.1097779274e-05
2.11317539215e-05
2.11372375488e-05
2.10587978363e-05
2.11409330368e-05
2.11533308029e-05
2.10453271866e-05
2.10421085358e-05
2.11881399155e-05
2.10369825363e-05
2.11842060089e-05
2.10778713226e-05
2.13088989258e-05
2.10890769958e-05
2.10191011429e-05
2.09587812424e-05
2.10086107254e-05
2.09780931473e-05
2.10065841675e-05
2.09736824036e-05
2.10539102554e-05
2.11131572723e-05
2.0956993103e-05
2.15007066727e-05
2.10579633713e-05
2.09882259369e-05
2.3775935173e-05
2.26122140884e-05
2.15294361115e-05
2.23119258881e-05
2.15505361557e-05
2.2430896759e-05
2.23766565323e-05
2.10412740707e-05
2.3263335228e-05
2.10493803024e-05
2.09618806839e-05
2.08979845047e-05
2.15767621994e-05
2.09752321243e-05
2.11598873138e-05
2.12100744247e-05
2.14625597e-05
2.15383768082e-05
2.22835540771e-05
2.24047899246e-05
2.18548774719e-05
2.14637517929e-05
2.33445167542e-05
2.34067440033e-05
2.67429351807e-05
2.13474035263e-05
2.27394104004e-05
2.18950510025e-05
2.11405754089e-05
2.10573673248e-05
2.11056470871e-05
2.1088719368e-05
2.10686922073e-05
2.10378170013e-05
2.10951566696e-05
2.1071434021e-05
2.10756063461e-05
2.1120429039e-05
2.14794874191e-05
2.11653709412e-05
2.11035013199e-05
2.11526155472e-05
2.16330289841e-05
2.10384130478e-05
2.10019350052e-05
2.10528373718e-05
2.11629867554e-05
2.10272073746e-05
2.1285533905e-05
2.16480493546e-05
2.11229324341e-05
2.09186077118e-05
2.10030078888e-05
2.15191841125e-05
2.09679603577e-05
2.09158658981e-05
2.09647417068e-05
2.09283828735e-05
2.09810733795e-05
2.09605693817e-05
2.09681987762e-05
2.09085941315e-05
2.09456682205e-05
2.08928585052e-05
2.10081338882e-05
2.09542512894e-05
2.09996700287e-05
2.10287570953e-05
2.10652351379e-05
2.10746526718e-05
2.09769010544e-05
2.11097002029e-05
2.09741592407e-05
2.09940671921e-05
2.1174788475e-05
2.10108757019e-05
2.09538936615e-05
2.0938038826e-05
2.09251642227e-05
2.09391117096e-05
2.09424495697e-05
2.09410190582e-05
2.09130048752e-05
2.10916996002e-05
2.10603475571e-05
2.24334001541e-05
2.10955142975e-05
2.10468769073e-05
2.11240053177e-05
2.10984945297e-05
2.12755203247e-05
2.09931135178e-05
2.10386514664e-05
2.10081338882e-05
2.09176540375e-05
2.10028886795e-05
2.10984945297e-05
2.10049152374e-05
2.09954977036e-05
2.09614038467e-05
2.10268497467e-05
2.0963549614e-05
2.10276842117e-05
2.09914445877e-05
2.10118293762e-05
2.09729671478e-05
2.09892988205e-05
2.34007835388e-05
2.12804079056e-05
2.10530757904e-05
2.11261510849e-05
2.10380554199e-05
2.13934183121e-05
2.11991071701e-05
2.10198163986e-05
2.09448337555e-05
2.10058689117e-05
2.10593938828e-05
2.09761857986e-05
2.09594964981e-05
2.09399461746e-05
2.08865404129e-05
2.09677219391e-05
2.10366249084e-05
2.11156606674e-05
2.09307670593e-05
2.09486484528e-05
2.09904909134e-05
2.09628343582e-05
2.09525823593e-05
2.10046768188e-05
2.11545228958e-05
2.0943403244e-05
2.09242105484e-05
2.09562778473e-05
2.18818187714e-05
2.12775468826e-05
2.09802389145e-05
2.09958553314e-05
2.10155248642e-05
2.10143327713e-05
2.11591720581e-05
2.10230350494e-05
2.09538936615e-05
2.0921587944e-05
2.09506750107e-05
2.10331678391e-05
2.11266279221e-05
2.10454463959e-05
2.11111307144e-05
2.11479663849e-05
2.1014213562e-05
2.09842920303e-05
2.09933519363e-05
2.18210220337e-05
2.15219259262e-05
2.1088719368e-05
2.10483074188e-05
2.11901664734e-05
2.11932659149e-05
2.11701393127e-05
2.10827589035e-05
2.11552381516e-05
2.113032341e-05
2.10609436035e-05
2.11442708969e-05
2.10403203964e-05
2.10641622543e-05
2.10587978363e-05
2.10008621216e-05
2.11035013199e-05
2.10077762604e-05
2.10448503494e-05
2.09838151932e-05
2.10725069046e-05
2.10984945297e-05
2.11260318756e-05
2.10943222046e-05
2.11045742035e-05
2.10143327713e-05
2.17387676239e-05
2.17765569687e-05
2.11360454559e-05
2.11126804352e-05
2.1072268486e-05
2.10614204407e-05
2.1134853363e-05
2.10537910461e-05
2.10328102112e-05
2.12973356247e-05
2.09729671478e-05
2.10707187653e-05
2.10703611374e-05
2.12564468384e-05
2.10093259811e-05
2.09769010544e-05
2.10372209549e-05
2.10084915161e-05
2.12759971619e-05
2.18244791031e-05
2.1213054657e-05
2.10406780243e-05
2.11687088013e-05
2.11225748062e-05
2.1030664444e-05
2.10283994675e-05
2.10328102112e-05
2.11335420609e-05
2.103972435e-05
2.12444067001e-05
2.10158824921e-05
2.10573673248e-05
2.11474895477e-05
2.09758281708e-05
2.10925340652e-05
2.09759473801e-05
2.10007429123e-05
2.09730863571e-05
2.10291147232e-05
2.10107564926e-05
2.10726261139e-05
2.10489034653e-05
2.10622549057e-05
2.10384130478e-05
2.11743116379e-05
2.1141409874e-05
2.11577415466e-05
2.11428403854e-05
2.11623907089e-05
2.11133956909e-05
2.11361646652e-05
2.11396217346e-05
2.12098360062e-05
2.11367607117e-05
2.108335495e-05
2.11352109909e-05
2.106320858e-05
2.1214723587e-05
2.10771560669e-05
2.10539102554e-05
2.10345983505e-05
2.10554599762e-05
2.106320858e-05
2.10886001587e-05
2.10995674133e-05
2.11067199707e-05
2.11035013199e-05
2.10675001144e-05
2.10528373718e-05
2.11007595062e-05
2.11447477341e-05
2.11111307144e-05
2.10628509521e-05
2.103972435e-05
2.10645198822e-05
2.10149288177e-05
2.10353136063e-05
2.112865448e-05
2.11833715439e-05
2.09916830063e-05
2.09733247757e-05
2.09970474243e-05
2.1010518074e-05
2.10009813309e-05
2.10671424866e-05
2.09761857986e-05
2.10236310959e-05
2.11473703384e-05
2.1026134491e-05
2.2189617157e-05
2.10233926773e-05
2.10506916046e-05
2.1079659462e-05
2.10871696472e-05
2.1155834198e-05
2.10356712341e-05
2.13506221771e-05
2.1115064621e-05
2.10478305817e-05
2.11981534958e-05
2.13031768799e-05
2.11547613144e-05
2.11020708084e-05
2.10369825363e-05
2.10301876068e-05
2.09860801697e-05
2.10146903992e-05
2.1062374115e-05
2.10748910904e-05
2.10539102554e-05
2.12157964706e-05
2.10763216019e-05
2.24939584732e-05
2.11510658264e-05
2.11462974548e-05
2.13282108307e-05
2.13176012039e-05
2.15170383453e-05
2.11871862411e-05
2.12557315826e-05
2.10635662079e-05
2.12688446045e-05
2.12308168411e-05
2.10348367691e-05
2.1028637886e-05
2.10620164871e-05
2.10953950882e-05
2.10052728653e-05
2.10747718811e-05
2.12571620941e-05
2.12333202362e-05
2.11542844772e-05
2.11074352264e-05
2.10844278336e-05
2.11629867554e-05
2.11825370789e-05
2.11567878723e-05
2.10882425308e-05
2.16948986053e-05
2.11700201035e-05
2.11244821548e-05
2.1226644516e-05
2.10025310516e-05
2.10113525391e-05
2.10350751877e-05
2.10068225861e-05
2.09312438965e-05
2.09225416183e-05
2.08947658539e-05
2.09194421768e-05
2.10173130035e-05
2.10347175598e-05
2.10189819336e-05
2.09940671921e-05
2.2123336792e-05
2.15036869049e-05
2.0938873291e-05
2.09941864014e-05
2.10163593292e-05
2.12194919586e-05
2.12149620056e-05
2.10382938385e-05
2.11718082428e-05
2.11445093155e-05
2.11873054504e-05
2.12873220444e-05
2.11082696915e-05
2.10819244385e-05
2.10897922516e-05
2.1062374115e-05
2.10309028625e-05
2.10410356522e-05
2.10899114609e-05
2.1053314209e-05
2.10675001144e-05
2.13317871094e-05
2.16246843338e-05
2.10411548615e-05
2.1199464798e-05
2.1216750145e-05
2.11726427078e-05
2.11262702942e-05
2.11149454117e-05
2.21753120422e-05
2.11389064789e-05
2.10452079773e-05
2.10889577866e-05
2.11601257324e-05
2.1111369133e-05
2.10140943527e-05
2.09859609604e-05
2.10160017014e-05
2.0977973938e-05
2.10297107697e-05
2.09619998932e-05
2.10134983063e-05
2.10820436478e-05
2.10409164429e-05
2.09919214249e-05
2.15747356415e-05
2.11240053177e-05
2.10062265396e-05
2.11038589478e-05
2.10779905319e-05
2.11445093155e-05
2.12166309357e-05
2.11291313171e-05
2.11886167526e-05
2.10926532745e-05
2.10776329041e-05
2.10428237915e-05
2.11944580078e-05
2.1132349968e-05
2.09852457047e-05
2.09792852402e-05
2.09677219391e-05
2.11530923843e-05
2.11322307587e-05
2.10785865784e-05
2.10292339325e-05
2.33268737793e-05
2.13673114777e-05
2.11292505264e-05
2.11848020554e-05
2.11625099182e-05
2.1141409874e-05
2.14363336563e-05
2.11963653564e-05
2.11163759232e-05
2.10484266281e-05
2.11522579193e-05
2.10676193237e-05
2.11302042007e-05
2.10943222046e-05
2.10472345352e-05
2.10866928101e-05
2.10099220276e-05
2.1008849144e-05
2.11424827576e-05
2.11418867111e-05
2.11465358734e-05
2.10165977478e-05
2.24657058716e-05
2.12165117264e-05
2.10499763489e-05
2.1227478981e-05
2.11184024811e-05
2.11995840073e-05
2.11855173111e-05
2.11199522018e-05
2.10230350494e-05
2.10659503937e-05
2.10754871368e-05
2.10520029068e-05
2.10736989975e-05
2.09238529205e-05
2.09357738495e-05
2.09573507309e-05
2.09888219833e-05
2.10629701614e-05
2.12992429733e-05
2.09995508194e-05
2.1018743515e-05
2.10256576538e-05
2.11701393127e-05
2.10126638412e-05
2.10489034653e-05
2.10256576538e-05
2.11149454117e-05
2.0996928215e-05
2.1110534668e-05
2.10250616074e-05
2.11049318314e-05
2.11492776871e-05
2.10545063019e-05
2.10517644882e-05
2.10134983063e-05
2.10287570953e-05
2.10690498352e-05
2.10175514221e-05
2.10247039795e-05
2.10268497467e-05
2.11412906647e-05
2.10869312286e-05
2.10121870041e-05
2.10157632828e-05
2.11180448532e-05
2.12562084198e-05
2.11399793625e-05
2.1174788475e-05
2.11428403854e-05
2.11745500565e-05
2.12160348892e-05
2.10831165314e-05
2.10901498795e-05
2.1081328392e-05
2.11261510849e-05
2.11066007614e-05
2.10883617401e-05
2.10825204849e-05
2.11011171341e-05
2.10773944855e-05
2.11074352264e-05
2.12038755417e-05
2.11209058762e-05
2.11063623428e-05
2.24589109421e-05
2.13216543198e-05
2.11457014084e-05
2.12740898132e-05
2.1218419075e-05
2.1250128746e-05
2.12353467941e-05
2.13767290115e-05
2.23556756973e-05
2.13359594345e-05
2.1247625351e-05
2.12894678116e-05
2.12223529816e-05
2.12306976318e-05
2.15311050415e-05
2.12182998657e-05
2.12272405624e-05
2.12053060532e-05
2.11710929871e-05
2.1192073822e-05
2.12442874908e-05
2.11879014969e-05
2.11387872696e-05
2.12222337723e-05
2.11230516434e-05
2.2460103035e-05
2.13185548782e-05
2.12225914001e-05
2.13165283203e-05
2.12790966034e-05
2.14507579803e-05
2.15466022491e-05
2.12574005127e-05
2.12571620941e-05
2.13165283203e-05
2.13602781296e-05
2.12434530258e-05
2.12006568909e-05
2.11501121521e-05
2.11344957352e-05
2.11350917816e-05
2.13104486465e-05
2.14740037918e-05
2.12379693985e-05
2.12873220444e-05
2.12486982346e-05
2.2216796875e-05
2.12785005569e-05
2.14319229126e-05
2.13344097137e-05
2.14228630066e-05
2.14593410492e-05
2.16400623322e-05
2.13490724564e-05
2.14239358902e-05
2.11827754974e-05
2.11817026138e-05
2.14205980301e-05
2.11329460144e-05
2.108335495e-05
2.1138548851e-05
2.1110534668e-05
2.12126970291e-05
2.11347341537e-05
2.13701725006e-05
2.12522745132e-05
2.11594104767e-05
2.23218202591e-05
2.12862491608e-05
2.11181640625e-05
2.1222114563e-05
2.13787555695e-05
2.13308334351e-05
2.1163225174e-05
2.11900472641e-05
2.1454334259e-05
2.12132930756e-05
2.13204622269e-05
2.11616754532e-05
2.11044549942e-05
2.10847854614e-05
2.10318565369e-05
2.10745334625e-05
2.10253000259e-05
2.10987329483e-05
2.10926532745e-05
2.11429595947e-05
2.11461782455e-05
2.23622322083e-05
2.10822820663e-05
2.10912227631e-05
2.10849046707e-05
2.11007595062e-05
2.10748910904e-05
2.17734575272e-05
2.30305194855e-05
2.17624902725e-05
2.12117433548e-05
2.11656093597e-05
2.12972164154e-05
2.11236476898e-05
2.10658311844e-05
2.10868120193e-05
2.10679769516e-05
2.10109949112e-05
2.10338830948e-05
2.11098194122e-05
2.10756063461e-05
2.11379528046e-05
2.12084054947e-05
2.21503973007e-05
2.13354825974e-05
2.12450027466e-05
2.13079452515e-05
2.12827920914e-05
2.13799476624e-05
2.12694406509e-05
2.12656259537e-05
2.12409496307e-05
2.12314128876e-05
2.12595462799e-05
2.1409869194e-05
2.12820768356e-05
2.11082696915e-05
2.11110115051e-05
2.11359262466e-05
2.11477279663e-05
2.11738348007e-05
2.11454629898e-05
2.11282968521e-05
2.12006568909e-05
2.11728811264e-05
2.31111049652e-05
2.13530063629e-05
2.12084054947e-05
2.12390422821e-05
2.12670564651e-05
2.12295055389e-05
2.1305680275e-05
2.12507247925e-05
2.12174654007e-05
2.12233066559e-05
2.11660861969e-05
2.1230340004e-05
2.11902856827e-05
2.11877822876e-05
2.11780071259e-05
2.11751461029e-05
2.11440324783e-05
2.11607217789e-05
2.11852788925e-05
2.11421251297e-05
2.11664438248e-05
2.11600065231e-05
2.23153829575e-05
2.1432518959e-05
2.12045907974e-05
2.12845802307e-05
2.12494134903e-05
2.13434696198e-05
2.12109088898e-05
2.1213054657e-05
2.11604833603e-05
2.11342573166e-05
2.13264226913e-05
2.12270021439e-05
2.12498903275e-05
2.12001800537e-05
2.12075710297e-05
2.12372541428e-05
2.12210416794e-05
2.15330123901e-05
2.17064619064e-05
2.15668678284e-05
2.13525295258e-05
2.12150812149e-05
2.23578214645e-05
2.14097499847e-05
2.12996006012e-05
2.1354675293e-05
2.13177204132e-05
2.12732553482e-05
2.20017433167e-05
2.17591524124e-05
2.12363004684e-05
2.12687253952e-05
2.12742090225e-05
2.13700532913e-05
2.12957859039e-05
2.12150812149e-05
2.12512016296e-05
2.12391614914e-05
2.12321281433e-05
2.12312936783e-05
2.12383270264e-05
2.12246179581e-05
2.12701559067e-05
2.1226644516e-05
2.20974683762e-05
2.13018655777e-05
2.13278532028e-05
2.13429927826e-05
2.14301347733e-05
2.13066339493e-05
2.13148593903e-05
2.13885307312e-05
2.12310552597e-05
2.13967561722e-05
2.14538574219e-05
2.12041139603e-05
2.11670398712e-05
2.11757421494e-05
2.12016105652e-05
2.11756229401e-05
2.11676359177e-05
2.12429761887e-05
2.12308168411e-05
2.13121175766e-05
2.1263718605e-05
2.16718912125e-05
2.12299823761e-05
2.12515592575e-05
2.13317871094e-05
2.12780237198e-05
2.14123725891e-05
2.12329626083e-05
2.12415456772e-05
2.13148593903e-05
2.12490558624e-05
2.12773084641e-05
2.13572978973e-05
2.15995311737e-05
2.1228313446e-05
2.11446285248e-05
2.12144851685e-05
2.11485624313e-05
2.11943387985e-05
2.12464332581e-05
2.13139057159e-05
2.12935209274e-05
2.1425485611e-05
2.13458538055e-05
2.25777626038e-05
2.14872360229e-05
2.13444232941e-05
2.1396279335e-05
2.14859247208e-05
2.14433670044e-05
2.19099521637e-05
2.14596986771e-05
2.14315652847e-05
2.14273929596e-05
2.13792324066e-05
2.13524103165e-05
2.1356344223e-05
2.1343588829e-05
2.13580131531e-05
2.13783979416e-05
2.17252969742e-05
2.14191675186e-05
2.14023590088e-05
2.13961601257e-05
2.15874910355e-05
2.14258432388e-05
2.14042663574e-05
2.13958024979e-05
2.1356344223e-05
2.14864015579e-05
2.17472314835e-05
2.14322805405e-05
2.1580696106e-05
2.14251279831e-05
2.15486288071e-05
2.14183330536e-05
2.13358402252e-05
2.1357178688e-05
2.1343588829e-05
2.1360874176e-05
2.12304592133e-05
2.13099718094e-05
2.15519666672e-05
2.13326215744e-05
2.12758779526e-05
2.23726034164e-05
2.1461725235e-05
2.12129354477e-05
2.12919712067e-05
2.12697982788e-05
2.14722156525e-05
2.15408802032e-05
2.22173929214e-05
2.13103294373e-05
2.13432312012e-05
2.13897228241e-05
2.15884447098e-05
2.13414430618e-05
2.11845636368e-05
2.11788415909e-05
2.12218761444e-05
2.11799144745e-05
2.12376117706e-05
2.13294029236e-05
2.15525627136e-05
2.13245153427e-05
2.13141441345e-05
2.17795372009e-05
2.14060544968e-05
2.13009119034e-05
2.13004350662e-05
2.13776826859e-05
2.13551521301e-05
2.14560031891e-05
2.15595960617e-05
2.19430923462e-05
2.15332508087e-05
2.13446617126e-05
2.13587284088e-05
2.12923288345e-05
2.12448835373e-05
2.12308168411e-05
2.12385654449e-05
2.1505355835e-05
2.13850736618e-05
2.23157405853e-05
2.20774412155e-05
2.21589803696e-05
2.29201316833e-05
2.1420955658e-05
2.15502977371e-05
2.13718414307e-05
2.1324634552e-05
2.1472454071e-05
2.16517448425e-05
2.13532447815e-05
2.14425325394e-05
2.13636159897e-05
2.13763713837e-05
2.12496519089e-05
2.13280916214e-05
2.11845636368e-05
2.11974382401e-05
2.12572813034e-05
2.13978290558e-05
2.12297439575e-05
2.12200880051e-05
2.23387479782e-05
2.1293759346e-05
2.13146209717e-05
2.13112831116e-05
2.12472677231e-05
2.12662220001e-05
2.13851928711e-05
2.11942195892e-05
2.11806297302e-05
2.12419033051e-05
2.13681459427e-05
2.15612649918e-05
2.11932659149e-05
2.11783647537e-05
2.1134853363e-05
2.11670398712e-05
2.1181344986e-05
2.11837291718e-05
2.12355852127e-05
2.11844444275e-05
2.14028358459e-05
2.12963819504e-05
2.13757753372e-05
2.1356344223e-05
2.13638544083e-05
2.14825868607e-05
2.13986635208e-05
2.1320939064e-05
2.132833004e-05
2.13153362274e-05
2.13861465454e-05
2.13428735733e-05
2.14065313339e-05
2.12898254395e-05
2.12804079056e-05
2.12464332581e-05
2.12123394012e-05
2.12351083755e-05
2.12483406067e-05
2.13203430176e-05
2.1270275116e-05
2.14006900787e-05
2.13229656219e-05
2.13840007782e-05
2.1388053894e-05
2.13871002197e-05
2.14034318924e-05
2.13490724564e-05
2.14028358459e-05
2.1840929985e-05
2.13440656662e-05
2.13425159454e-05
2.14256048203e-05
2.15113162994e-05
2.12590694427e-05
2.12625265121e-05
2.12490558624e-05
2.12551355362e-05
2.15677022934e-05
2.13588476181e-05
2.12438106537e-05
2.12515592575e-05
2.12619304657e-05
2.13444232941e-05
2.12317705154e-05
2.1236538887e-05
2.12508440018e-05
2.13662385941e-05
2.135014534e-05
2.12837457657e-05
2.1364569664e-05
2.15886831284e-05
2.13677883148e-05
2.11980342865e-05
2.12182998657e-05
2.11725234985e-05
2.1203994751e-05
2.11852788925e-05
2.11371183395e-05
2.11715698242e-05
2.11669206619e-05
2.12298631668e-05
2.11675167084e-05
2.27959156036e-05
2.12806463242e-05
2.135014534e-05
2.13987827301e-05
2.12845802307e-05
2.13822126389e-05
2.14747190475e-05
2.2752404213e-05
2.16325521469e-05
2.14351415634e-05
2.15934514999e-05
2.14004516602e-05
2.14115381241e-05
2.13866233826e-05
2.13812589645e-05
2.13968753815e-05
2.14781761169e-05
2.16354131699e-05
2.13485956192e-05
2.1292090416e-05
2.13130712509e-05
2.13207006454e-05
2.14290618896e-05
2.13718414307e-05
2.13861465454e-05
2.27522850037e-05
2.16300487518e-05
2.14042663574e-05
2.14420557022e-05
2.14148759842e-05
2.16244459152e-05
2.50290632248e-05
2.15606689453e-05
2.14705467224e-05
2.14179754257e-05
2.19235420227e-05
2.13760137558e-05
2.1392583847e-05
2.13351249695e-05
2.12994813919e-05
2.1479845047e-05
2.13720798492e-05
2.13996171951e-05
2.14833021164e-05
2.16253995895e-05
2.14159488678e-05
2.13968753815e-05
2.23984718323e-05
2.15522050858e-05
2.13730335236e-05
2.14328765869e-05
2.13832855225e-05
2.14495658875e-05
2.15986967087e-05
2.16310024261e-05
2.15789079666e-05
2.14275121689e-05
2.1405339241e-05
2.14185714722e-05
2.2005200386e-05
2.1307349205e-05
2.1221280098e-05
2.13326215744e-05
2.12610960007e-05
2.12712287903e-05
2.16245651245e-05
2.17101573944e-05
2.16785669327e-05
2.15439796448e-05
2.29303836823e-05
2.16690301895e-05
2.14446783066e-05
2.16386318207e-05
2.15693712234e-05
2.17568874359e-05
2.17678546906e-05
2.15977430344e-05
2.15520858765e-05
2.14741230011e-05
2.14960575104e-05
2.14655399323e-05
2.14908123016e-05
2.15038061142e-05
2.14307308197e-05
2.14538574219e-05
2.14328765869e-05
2.18682289124e-05
2.15055942535e-05
2.15729475021e-05
2.14458703995e-05
2.15327739716e-05
2.15148925781e-05
2.14705467224e-05
2.15094089508e-05
2.14836597443e-05
2.14892625809e-05
2.16202735901e-05
2.17300653458e-05
2.15284824371e-05
2.15094089508e-05
2.15636491776e-05
2.16624736786e-05
2.16263532639e-05
2.14853286743e-05
2.14893817902e-05
2.14861631393e-05
2.13649272919e-05
2.15132236481e-05
2.16217041016e-05
2.13851928711e-05
2.13631391525e-05
2.13831663132e-05
2.45354175568e-05
2.14071273804e-05
2.15698480606e-05
2.14909315109e-05
2.33813524246e-05
2.20909118652e-05
2.16174125671e-05
2.15544700623e-05
2.13646888733e-05
2.14282274246e-05
2.14022397995e-05
2.13525295258e-05
2.12123394012e-05
2.12187767029e-05
2.12407112122e-05
2.11814641953e-05
2.14470624924e-05
2.16909646988e-05
2.1414399147e-05
2.14867591858e-05
2.1434545517e-05
2.34475135803e-05
2.14813947678e-05
2.13712453842e-05
2.13941335678e-05
2.14575529099e-05
2.1416425705e-05
2.15842723846e-05
2.16966867447e-05
2.13676691055e-05
2.14065313339e-05
2.13594436646e-05
2.14006900787e-05
2.13725566864e-05
2.13489532471e-05
2.13396549225e-05
2.14165449142e-05
2.13782787323e-05
2.13620662689e-05
2.17045545578e-05
2.141726017e-05
2.13443040848e-05
2.13431119919e-05
2.24900245667e-05
2.16399431229e-05
2.14061737061e-05
2.14490890503e-05
2.15287208557e-05
2.14110612869e-05
2.13086605072e-05
2.1289229393e-05
2.13446617126e-05
2.13638544083e-05
2.16981172562e-05
2.18471288681e-05
2.14002132416e-05
2.1314740181e-05
2.12957859039e-05
2.13158130646e-05
2.12746858597e-05
2.13075876236e-05
2.13104486465e-05
2.16299295425e-05
2.13898420334e-05
2.13696956635e-05
2.1332859993e-05
2.15637683868e-05
2.14581489563e-05
2.13220119476e-05
2.14003324509e-05
2.14241743088e-05
2.1385550499e-05
2.14517116547e-05
2.16107368469e-05
2.13652849197e-05
2.13644504547e-05
2.13797092438e-05
2.12757587433e-05
2.12568044662e-05
2.13092565536e-05
2.13211774826e-05
2.14017629623e-05
2.14285850525e-05
2.18620300293e-05
2.15728282928e-05
2.1491765976e-05
2.14881896973e-05
2.15036869049e-05
2.14742422104e-05
2.14865207672e-05
2.16017961502e-05
2.15768814087e-05
2.16981172562e-05
2.14704275131e-05
2.14396715164e-05
2.1467089653e-05
2.15023756027e-05
2.14551687241e-05
2.14750766754e-05
2.14651823044e-05
2.14653015137e-05
2.14391946793e-05
2.14407444e-05
2.17605829239e-05
2.15183496475e-05
2.14663743973e-05
2.14908123016e-05
2.17261314392e-05
2.16311216354e-05
2.15915441513e-05
2.15766429901e-05
2.15284824371e-05
2.15559005737e-05
2.16705799103e-05
2.1947145462e-05
2.15381383896e-05
2.15127468109e-05
2.14838981628e-05
2.15994119644e-05
2.14660167694e-05
2.14455127716e-05
2.13817358017e-05
2.13574171066e-05
2.13782787323e-05
2.1400809288e-05
2.16763019562e-05
2.13837623596e-05
2.14911699295e-05
2.14920043945e-05
2.15618610382e-05
2.27522850037e-05
2.15309858322e-05
2.17760801315e-05
2.1525144577e-05
2.17818021774e-05
2.16459035873e-05
2.15953588486e-05
2.15010643005e-05
2.15276479721e-05
2.14734077454e-05
2.13658809662e-05
2.13783979416e-05
2.14807987213e-05
2.13791131973e-05
2.1413564682e-05
2.15698480606e-05
2.19533443451e-05
2.14918851852e-05
2.15386152267e-05
2.14895009995e-05
2.1558880806e-05
2.15531587601e-05
2.24460363388e-05
2.15730667114e-05
2.15955972672e-05
2.16618776321e-05
2.19687223434e-05
2.15623378754e-05
2.14961767197e-05
2.14415788651e-05
2.15263366699e-05
2.20115184784e-05
2.14004516602e-05
2.13648080826e-05
2.14178562164e-05
2.14506387711e-05
2.13664770126e-05
2.13490724564e-05
2.14352607727e-05
2.17932462692e-05
2.16158628464e-05
2.15561389923e-05
2.15146541595e-05
2.16504335403e-05
2.15049982071e-05
2.14952230453e-05
2.15619802475e-05
2.1469950676e-05
2.16850042343e-05
2.17765569687e-05
2.14799642563e-05
2.14622020721e-05
2.14587450027e-05
2.14464664459e-05
2.14760303497e-05
2.13817358017e-05
2.14079618454e-05
2.14047431946e-05
2.13823318481e-05
2.13847160339e-05
2.17214822769e-05
2.14544534683e-05
2.14796066284e-05
2.14450359344e-05
2.33306884766e-05
2.14159488678e-05
2.14673280716e-05
2.1404504776e-05
2.14102268219e-05
2.28668451309e-05
2.15792655945e-05
2.28462219238e-05
2.17281579971e-05
2.13738679886e-05
2.14867591858e-05
2.14626789093e-05
2.14883089066e-05
2.13807821274e-05
2.13878154755e-05
2.15485095978e-05
2.15482711792e-05
2.16780900955e-05
2.19432115555e-05
2.16233730316e-05
2.27850675583e-05
2.16436386108e-05
2.16187238693e-05
2.15520858765e-05
2.15708017349e-05
2.15460062027e-05
2.15857028961e-05
2.18681097031e-05
2.16264724731e-05
2.15457677841e-05
2.1598815918e-05
2.19330787659e-05
2.1533370018e-05
2.14613676071e-05
2.14864015579e-05
2.14849710464e-05
2.14555263519e-05
2.15644836426e-05
2.17934846878e-05
2.15600728989e-05
2.14754343033e-05
2.26998329163e-05
2.15829610825e-05
2.14593410492e-05
2.15049982071e-05
2.15209722519e-05
2.14766263962e-05
2.16029882431e-05
2.1791934967e-05
2.15011835098e-05
2.16366052628e-05
2.15225219727e-05
2.14970111847e-05
2.14619636536e-05
2.1492600441e-05
2.13348865509e-05
2.12399959564e-05
2.12694406509e-05
2.12451219559e-05
2.17456817627e-05
2.16491222382e-05
2.13371515274e-05
2.1378159523e-05
2.27653980255e-05
2.15185880661e-05
2.12979316711e-05
2.13351249695e-05
2.13884115219e-05
2.15109586716e-05
2.15481519699e-05
2.13143825531e-05
2.12938785553e-05
2.12863683701e-05
2.13234424591e-05
2.12776660919e-05
2.12281942368e-05
2.12121009827e-05
2.1315574646e-05
2.12780237198e-05
2.13556289673e-05
2.15989351273e-05
2.17512845993e-05
2.14903354645e-05
2.13723182678e-05
2.13700532913e-05
2.1445274353e-05
2.13983058929e-05
2.15805768967e-05
2.1407365799e-05
2.14083194733e-05
2.15193033218e-05
2.17031240463e-05
2.13720798492e-05
2.14834213257e-05
2.14701890945e-05
2.14886665344e-05
2.18633413315e-05
2.24862098694e-05
2.15793848038e-05
2.14587450027e-05
2.14326381683e-05
2.14015245438e-05
2.13723182678e-05
2.14021205902e-05
2.14802026749e-05
2.17235088348e-05
2.1467924118e-05
2.14903354645e-05
2.14529037476e-05
2.14697122574e-05
2.1470785141e-05
2.13394165039e-05
2.14122533798e-05
2.14293003082e-05
2.17097997665e-05
2.13804244995e-05
2.15258598328e-05
2.14557647705e-05
2.14903354645e-05
2.14236974716e-05
2.13606357574e-05
2.13415622711e-05
2.12833881378e-05
2.12917327881e-05
2.13208198547e-05
2.13854312897e-05
2.16232538223e-05
2.13842391968e-05
2.14592218399e-05
2.14171409607e-05
2.20772027969e-05
2.1378993988e-05
2.13567018509e-05
2.1520614624e-05
2.14102268219e-05
2.13791131973e-05
2.23815441132e-05
2.16970443726e-05
2.14822292328e-05
2.12879180908e-05
2.13217735291e-05
2.25293636322e-05
2.12452411652e-05
2.14360952377e-05
2.14439630508e-05
2.14194059372e-05
2.14408636093e-05
2.15312242508e-05
2.14575529099e-05
2.14494466782e-05
2.14635133743e-05
2.14827060699e-05
2.18552350998e-05
2.14986801147e-05
2.14952230453e-05
2.14301347733e-05
2.15499401093e-05
2.14107036591e-05
2.16048955917e-05
2.15090513229e-05
2.14762687683e-05
2.16116905212e-05
2.15784311295e-05
2.14372873306e-05
2.13822126389e-05
2.14415788651e-05
2.14029550552e-05
2.14247703552e-05
2.14442014694e-05
2.14844942093e-05
2.14236974716e-05
2.13916301727e-05
2.25620269775e-05
2.15295553207e-05
2.14328765869e-05
2.1541595459e-05
2.14545726776e-05
2.15132236481e-05
2.14855670929e-05
2.14105844498e-05
2.14160680771e-05
2.15446949005e-05
2.14469432831e-05
2.15190649033e-05
2.16019153595e-05
2.13844776154e-05
2.13191509247e-05
2.13185548782e-05
2.26429700851e-05
2.1391749382e-05
2.18799114227e-05
2.13912725449e-05
2.13537216187e-05
2.34124660492e-05
2.19968557358e-05
2.23897695541e-05
2.19358205795e-05
2.24462747574e-05
3.96815538406e-05
3.09554338455e-05
2.2833943367e-05
2.28310823441e-05
2.34936475754e-05
2.25389003754e-05
2.2171497345e-05
2.15353965759e-05
2.14339494705e-05
2.16381549835e-05
2.15742588043e-05
2.14310884476e-05
2.15340852737e-05
2.14438438416e-05
2.14501619339e-05
2.14560031891e-05
2.17832326889e-05
2.15299129486e-05
2.15092897415e-05
2.14818716049e-05
2.26867198944e-05
2.1714925766e-05
2.15162038803e-05
2.16485261917e-05
2.14985609055e-05
2.15443372726e-05
2.16945409775e-05
2.17237472534e-05
2.15539932251e-05
2.15311050415e-05
2.18739509583e-05
2.15554237366e-05
2.14281082153e-05
2.1479845047e-05
2.14426517487e-05
2.14879512787e-05
2.16727256775e-05
2.15328931808e-05
2.14695930481e-05
2.14351415634e-05
2.15656757355e-05
2.13574171066e-05
2.1430015564e-05
2.14767456055e-05
2.17072963715e-05
2.15171575546e-05
2.13513374329e-05
2.13794708252e-05
2.14158296585e-05
2.15470790863e-05
2.1443605423e-05
2.14294195175e-05
2.13443040848e-05
2.15460062027e-05
2.13685035706e-05
2.15247869492e-05
2.14471817017e-05
2.1538734436e-05
2.17452049255e-05
2.15855836868e-05
2.14177370071e-05
2.13901996613e-05
2.13479995728e-05
2.14133262634e-05
2.13788747787e-05
2.14610099792e-05
2.16354131699e-05
2.14420557022e-05
2.14152336121e-05
2.14219093323e-05
2.15883255005e-05
2.13828086853e-05
2.14833021164e-05
2.17411518097e-05
2.16026306152e-05
2.16732025146e-05
2.18888521194e-05
2.17019319534e-05
2.17229127884e-05
2.16271877289e-05
2.16639041901e-05
2.18995809555e-05
2.1786570549e-05
2.15442180634e-05
2.15108394623e-05
2.15131044388e-05
2.15779542923e-05
2.15300321579e-05
2.15884447098e-05
2.19081640244e-05
2.16572284698e-05
2.18497514725e-05
2.16083526611e-05
2.15748548508e-05
2.15649604797e-05
2.16871500015e-05
2.17580795288e-05
2.18869447708e-05
2.19347476959e-05
2.16491222382e-05
2.1674156189e-05
2.15879678726e-05
2.18675136566e-05
2.16327905655e-05
2.15939283371e-05
2.15353965759e-05
2.1493434906e-05
2.15021371841e-05
2.15015411377e-05
2.15187072754e-05
2.19447612762e-05
2.15350389481e-05
2.15803384781e-05
2.15322971344e-05
2.15964317322e-05
2.1414399147e-05
2.14171409607e-05
2.14695930481e-05
2.16401815414e-05
2.15705633163e-05
2.15142965317e-05
2.13687419891e-05
2.13803052902e-05
2.14465856552e-05
2.14017629623e-05
2.17105150223e-05
2.15328931808e-05
2.13624238968e-05
2.14102268219e-05
2.13692188263e-05
2.13601589203e-05
2.13372707367e-05
2.13685035706e-05
2.15158462524e-05
2.13129520416e-05
2.26604938507e-05
2.15119123459e-05
2.16156244278e-05
2.14849710464e-05
2.15150117874e-05
2.28915214539e-05
2.1696805954e-05
2.2186756134e-05
2.1561384201e-05
2.15443372726e-05
2.16056108475e-05
2.17126607895e-05
2.16779708862e-05
2.28624343872e-05
2.1458029747e-05
2.14537382126e-05
2.14953422546e-05
2.14350223541e-05
2.1443605423e-05
2.14871168137e-05
2.14717388153e-05
2.14911699295e-05
2.15045213699e-05
2.21123695374e-05
2.15321779251e-05
2.15518474579e-05
2.16133594513e-05
2.14704275131e-05
2.15030908585e-05
2.17658281326e-05
2.23128795624e-05
2.15355157852e-05
2.14924812317e-05
2.2242307663e-05
2.16017961502e-05
2.1538734436e-05
2.14064121246e-05
2.14084386826e-05
2.14352607727e-05
2.14521884918e-05
2.14186906815e-05
2.14637517929e-05
2.15002298355e-05
2.15121507645e-05
2.14513540268e-05
2.19070911407e-05
2.15282440186e-05
2.14661359787e-05
2.17784643173e-05
2.16200351715e-05
2.15581655502e-05
2.1643280983e-05
2.15530395508e-05
2.17709541321e-05
2.15390920639e-05
2.1669626236e-05
2.15702056885e-05
2.14385986328e-05
2.14107036591e-05
2.14406251907e-05
2.1448135376e-05
2.15299129486e-05
2.18337774277e-05
2.15154886246e-05
2.15198993683e-05
2.14923620224e-05
2.18635797501e-05
2.18477249146e-05
2.17298269272e-05
2.17572450638e-05
2.17281579971e-05
2.17094421387e-05
2.18589305878e-05
2.19905376434e-05
2.17988491058e-05
2.19615697861e-05
2.16759443283e-05
2.20577716827e-05
2.15697288513e-05
2.15195417404e-05
2.1518945694e-05
2.15804576874e-05
2.15135812759e-05
2.17436552048e-05
2.19597816467e-05
2.16925144196e-05
2.15990543365e-05
2.15390920639e-05
2.20121145248e-05
2.16417312622e-05
2.1665930748e-05
2.16429233551e-05
2.16255187988e-05
2.16517448425e-05
2.2327542305e-05
2.15972661972e-05
2.14923620224e-05
2.14986801147e-05
2.16190814972e-05
2.16001272202e-05
2.14844942093e-05
2.14781761169e-05
2.14741230011e-05
2.1523475647e-05
2.16288566589e-05
2.18439102173e-05
2.1505355835e-05
2.14552879333e-05
2.1453499794e-05
2.15600728989e-05
2.14427709579e-05
2.14546918869e-05
2.15049982071e-05
2.16796398163e-05
2.15073823929e-05
2.15121507645e-05
2.18282938004e-05
2.14486122131e-05
2.15731859207e-05
2.14513540268e-05
2.15040445328e-05
2.13581323624e-05
2.13751792908e-05
2.14275121689e-05
2.1355509758e-05
2.15077400208e-05
2.13617086411e-05
2.15747356415e-05
2.15624570847e-05
2.15264558792e-05
2.17498540878e-05
2.16401815414e-05
2.18245983124e-05
2.16655731201e-05
2.2500872612e-05
2.17379331589e-05
2.17283964157e-05
2.1769285202e-05
2.17363834381e-05
2.181828022e-05
2.16621160507e-05
2.17024087906e-05
2.16861963272e-05
2.16466188431e-05
2.15780735016e-05
2.15430259705e-05
2.15263366699e-05
2.14694738388e-05
2.15950012207e-05
2.15919017792e-05
2.16146707535e-05
2.15784311295e-05
2.42539644241e-05
2.16991901398e-05
2.15884447098e-05
2.16828584671e-05
2.15615034103e-05
2.1644115448e-05
2.16908454895e-05
2.18379497528e-05
2.15355157852e-05
2.16907262802e-05
2.14830636978e-05
2.14722156525e-05
2.14765071869e-05
2.14085578918e-05
2.14465856552e-05
2.14256048203e-05
2.14550495148e-05
2.16031074524e-05
2.16219425201e-05
2.16032266617e-05
2.1560549736e-05
2.1445274353e-05
2.13716030121e-05
2.1378993988e-05
2.21022367477e-05
2.18505859375e-05
2.15039253235e-05
2.16429233551e-05
2.15307474136e-05
2.22234725952e-05
2.17115879059e-05
2.15215682983e-05
2.15941667557e-05
2.1612405777e-05
2.18684673309e-05
2.19810009003e-05
2.17611789703e-05
2.15641260147e-05
2.15444564819e-05
2.18160152435e-05
2.16517448425e-05
2.15244293213e-05
2.16428041458e-05
2.16609239578e-05
2.16693878174e-05
2.16236114502e-05
2.17591524124e-05
2.19745635986e-05
2.17707157135e-05
2.18096971512e-05
2.1751999855e-05
2.24976539612e-05
2.16982364655e-05
2.17559337616e-05
2.1790266037e-05
2.17078924179e-05
2.18027830124e-05
2.19340324402e-05
2.17484235764e-05
2.16456651688e-05
2.1629691124e-05
2.16765403748e-05
2.17465162277e-05
2.19660997391e-05
2.17193365097e-05
2.17027664185e-05
2.16472148895e-05
2.16565132141e-05
2.16096639633e-05
2.16184854507e-05
2.17287540436e-05
2.19202041626e-05
2.16509103775e-05
2.16082334518e-05
2.28986740112e-05
2.175116539e-05
2.16131210327e-05
2.16966867447e-05
2.16352939606e-05
2.16850042343e-05
2.15691328049e-05
2.16258764267e-05
2.1576166153e-05
2.14554071426e-05
2.17179059982e-05
2.20314264297e-05
2.15934514999e-05
2.15057134628e-05
2.14502811432e-05
2.1443605423e-05
2.1376490593e-05
2.13568210602e-05
2.13711261749e-05
2.17875242233e-05
2.1537899971e-05
2.1489739418e-05
2.14430093765e-05
2.28035449982e-05
2.1540760994e-05
2.16847658157e-05
2.16261148453e-05
2.15222835541e-05
2.14703083038e-05
2.15917825699e-05
2.1728515625e-05
2.15246677399e-05
2.15660333633e-05
2.15483903885e-05
2.15948820114e-05
2.18758583069e-05
2.27489471436e-05
2.15339660645e-05
2.1492600441e-05
2.15437412262e-05
2.16064453125e-05
2.1785736084e-05
2.19225883484e-05
2.17175483704e-05
2.16368436813e-05
2.16113328934e-05
2.23569869995e-05
2.16121673584e-05
2.15978622437e-05
2.17274427414e-05
2.18123197556e-05
2.18695402145e-05
2.16062068939e-05
2.1626830101e-05
2.15581655502e-05
2.159512043e-05
2.15904712677e-05
2.15673446655e-05
2.15455293655e-05
2.15067863464e-05
2.1531701088e-05
2.15109586716e-05
2.15896368027e-05
2.18116044998e-05
2.15150117874e-05
2.14989185333e-05
2.29159593582e-05
2.16794013977e-05
2.14865207672e-05
2.15557813644e-05
2.1586060524e-05
2.1607875824e-05
2.17100381851e-05
2.18180418015e-05
2.15413570404e-05
2.14750766754e-05
2.14923620224e-05
2.15306282043e-05
2.17478275299e-05
2.15265750885e-05
2.15140581131e-05
2.14999914169e-05
2.14954614639e-05
2.14823484421e-05
2.14809179306e-05
2.18386650085e-05
2.15475559235e-05
2.1494269371e-05
2.14995145798e-05
2.44487524033e-05
2.16192007065e-05
2.1494269371e-05
2.15437412262e-05
2.15384960175e-05
2.22136974335e-05
2.36352682114e-05
2.22618579865e-05
2.17399597168e-05
2.17480659485e-05
2.17442512512e-05
2.16594934464e-05
2.17081308365e-05
2.16127634048e-05
2.16425657272e-05
2.15636491776e-05
2.15686559677e-05
2.16238498688e-05
2.15312242508e-05
2.15183496475e-05
2.15609073639e-05
2.15121507645e-05
2.27491855621e-05
2.16438770294e-05
2.15829610825e-05
2.15803384781e-05
2.15840339661e-05
2.16683149338e-05
2.1611571312e-05
2.15446949005e-05
2.16165781021e-05
2.15337276459e-05
2.15516090393e-05
2.15690135956e-05
2.15116739273e-05
2.1536231041e-05
2.15592384338e-05
2.15003490448e-05
2.15783119202e-05
2.15275287628e-05
2.15011835098e-05
2.14658975601e-05
2.15207338333e-05
2.14883089066e-05
2.15629339218e-05
2.15090513229e-05
2.31258869171e-05
2.16242074966e-05
2.14807987213e-05
2.22957134247e-05
2.14825868607e-05
2.16171741486e-05
2.14215517044e-05
2.14068889618e-05
2.16027498245e-05
2.14500427246e-05
2.15122699738e-05
2.15035676956e-05
2.14066505432e-05
2.13514566422e-05
2.13871002197e-05
2.14953422546e-05
2.1430015564e-05
2.14333534241e-05
2.14539766312e-05
2.14745998383e-05
2.14159488678e-05
2.15207338333e-05
2.15065479279e-05
2.13923454285e-05
2.14660167694e-05
2.16374397278e-05
2.16834545135e-05
2.16907262802e-05
2.16287374496e-05
2.15110778809e-05
2.1518945694e-05
2.14999914169e-05
2.16482877731e-05
2.15625762939e-05
2.15555429459e-05
2.15337276459e-05
2.15086936951e-05
2.14921236038e-05
2.15393304825e-05
2.15322971344e-05
2.15082168579e-05
2.15598344803e-05
2.15380191803e-05
2.29475498199e-05
2.16526985168e-05
2.16219425201e-05
2.16975212097e-05
2.16748714447e-05
2.1622300148e-05
2.24279165268e-05
2.16401815414e-05
2.15512514114e-05
2.15961933136e-05
2.16881036758e-05
2.15215682983e-05
2.15046405792e-05
2.15629339218e-05
2.15051174164e-05
2.15002298355e-05
2.1519780159e-05
2.15106010437e-05
2.14928388596e-05
2.14883089066e-05
2.33119726181e-05
2.16295719147e-05
2.14936733246e-05
2.15545892715e-05
2.15462446213e-05
2.14530229568e-05
2.15376615524e-05
2.14327573776e-05
2.20062732697e-05
2.15183496475e-05
2.14635133743e-05
2.17019319534e-05
2.16535329819e-05
2.16389894485e-05
2.1505355835e-05
2.15321779251e-05
2.15030908585e-05
2.15315818787e-05
2.21993923187e-05
2.18760967255e-05
2.15003490448e-05
2.14730501175e-05
2.14521884918e-05
2.18452215195e-05
2.14673280716e-05
2.14937925339e-05
2.17328071594e-05
2.17126607895e-05
2.19492912292e-05
2.19597816467e-05
2.19595432281e-05
2.17876434326e-05
2.19192504883e-05
2.23118066788e-05
2.2355556488e-05
2.15671062469e-05
2.16047763824e-05
2.15673446655e-05
2.15744972229e-05
2.15662717819e-05
2.19630002975e-05
2.16683149338e-05
2.1627664566e-05
2.1712064743e-05
2.170753479e-05
2.16666460037e-05
2.16516256332e-05
2.16904878616e-05
2.17008590698e-05
2.17043161392e-05
2.17417478561e-05
2.16888189316e-05
2.18724012375e-05
2.17889547348e-05
2.16097831726e-05
2.17308998108e-05
2.22371816635e-05
2.15686559677e-05
2.16152667999e-05
2.15466022491e-05
2.15553045273e-05
2.14986801147e-05
2.15976238251e-05
2.16878652573e-05
2.15495824814e-05
2.15346813202e-05
2.15630531311e-05
2.15007066727e-05
2.15802192688e-05
2.15404033661e-05
2.15508937836e-05
2.15350389481e-05
2.15834379196e-05
2.14914083481e-05
2.1452665329e-05
2.14159488678e-05
2.14909315109e-05
2.15077400208e-05
2.14023590088e-05
2.14681625366e-05
2.13899612427e-05
2.13965177536e-05
2.14351415634e-05
2.14354991913e-05
2.14457511902e-05
2.13768482208e-05
2.15927362442e-05
2.19738483429e-05
2.1541595459e-05
2.14240550995e-05
2.1599650383e-05
2.1663069725e-05
2.15729475021e-05
2.16798782349e-05
2.15781927109e-05
2.37455368042e-05
2.1546125412e-05
2.15259790421e-05
2.1698474884e-05
2.15293169022e-05
2.15450525284e-05
2.15157270432e-05
2.15280056e-05
2.15364694595e-05
2.15442180634e-05
2.16897726059e-05
2.15827226639e-05
2.15808153152e-05
2.1520614624e-05
2.34594345093e-05
2.16753482819e-05
2.15739011765e-05
2.16158628464e-05
2.16552019119e-05
2.17419862747e-05
2.15524435043e-05
2.14906930923e-05
2.15104818344e-05
2.15888023376e-05
2.1715760231e-05
2.15915441513e-05
2.15939283371e-05
2.16304063797e-05
2.17027664185e-05
2.15989351273e-05
2.20648050308e-05
2.16195583344e-05
2.15374231339e-05
2.15731859207e-05
2.39245891571e-05
2.18249559402e-05
2.15966701508e-05
2.16141939163e-05
2.15576887131e-05
2.15473175049e-05
2.17543840408e-05
2.28894948959e-05
2.21626758575e-05
2.17144489288e-05
2.15258598328e-05
2.18466520309e-05
2.18269824982e-05
2.15278863907e-05
2.15548276901e-05
2.14786529541e-05
2.1493434906e-05
2.15084552765e-05
2.15293169022e-05
2.15859413147e-05
2.15256214142e-05
2.15103626251e-05
2.15382575989e-05
2.14868783951e-05
2.15549468994e-05
2.17751264572e-05
2.17989683151e-05
2.18367576599e-05
2.17514038086e-05
2.17094421387e-05
2.18666791916e-05
2.17989683151e-05
2.17580795288e-05
2.17769145966e-05
2.16996669769e-05
2.19067335129e-05
2.17671394348e-05
2.15830802917e-05
2.16075181961e-05
2.15790271759e-05
2.1611571312e-05
2.16218233109e-05
2.21108198166e-05
2.16801166534e-05
2.17109918594e-05
2.1679520607e-05
2.17736959457e-05
2.17725038528e-05
2.16583013535e-05
2.20104455948e-05
2.17611789703e-05
2.17353105545e-05
2.17578411102e-05
2.16100215912e-05
2.1625161171e-05
2.15908288956e-05
2.16310024261e-05
2.16532945633e-05
2.30537652969e-05
2.16571092606e-05
2.15660333633e-05
2.15542316437e-05
2.15520858765e-05
2.15734243393e-05
2.17949151993e-05
2.18592882156e-05
2.16279029846e-05
2.15902328491e-05
2.3160815239e-05
2.16825008392e-05
2.16906070709e-05
2.17862129211e-05
2.18267440796e-05
2.1831035614e-05
2.20144987106e-05
2.1715760231e-05
2.18117237091e-05
2.1647810936e-05
2.16207504272e-05
2.16872692108e-05
2.15539932251e-05
2.15440988541e-05
2.15425491333e-05
2.15686559677e-05
2.17771530151e-05
2.19022035599e-05
2.17875242233e-05
2.16805934906e-05
2.16064453125e-05
2.319252491e-05
2.18180418015e-05
2.21154689789e-05
2.18659639359e-05
2.84173488617e-05
2.54781246185e-05
2.21046209335e-05
2.21083164215e-05
2.33126878738e-05
2.18551158905e-05
2.25875377655e-05
2.17990875244e-05
2.17148065567e-05
2.16977596283e-05
2.17553377151e-05
2.17134952545e-05
2.19634771347e-05
2.17890739441e-05
2.17936038971e-05
2.1784901619e-05
2.16876268387e-05
2.2363781929e-05
2.16586589813e-05
2.16907262802e-05
2.18509435654e-05
2.18604803085e-05
2.16385126114e-05
2.1813750267e-05
2.17485427856e-05
2.16456651688e-05
2.17875242233e-05
2.18210220337e-05
2.15878486633e-05
2.15784311295e-05
2.15421915054e-05
2.15654373169e-05
2.1533370018e-05
2.16398239136e-05
2.16073989868e-05
2.16058492661e-05
2.16399431229e-05
2.17571258545e-05
2.17037200928e-05
2.15952396393e-05
2.1657705307e-05
2.16203927994e-05
2.1600484848e-05
2.16948986053e-05
2.17026472092e-05
2.16925144196e-05
2.16467380524e-05
2.16801166534e-05
2.16916799545e-05
2.16933488846e-05
2.16344594955e-05
2.16188430786e-05
2.16788053513e-05
2.15950012207e-05
2.16606855392e-05
2.18628644943e-05
2.17183828354e-05
2.15816497803e-05
2.1546959877e-05
2.15544700623e-05
2.17760801315e-05
2.1874666214e-05
2.18527317047e-05
2.18544006348e-05
2.18667984009e-05
2.18050479889e-05
2.18826532364e-05
2.18130350113e-05
2.18597650528e-05
2.190721035e-05
2.18653678894e-05
2.17413902283e-05
2.17428207397e-05
2.17199325562e-05
2.17077732086e-05
2.17437744141e-05
2.18158960342e-05
2.19200849533e-05
2.17560529709e-05
2.17427015305e-05
2.17427015305e-05
2.17424631119e-05
2.17041969299e-05
2.17305421829e-05
2.17671394348e-05
2.17280387878e-05
2.17573642731e-05
2.16681957245e-05
2.23665237427e-05
2.18601226807e-05
2.17998027802e-05
2.18367576599e-05
2.18069553375e-05
2.18139886856e-05
2.18226909637e-05
2.17869281769e-05
2.18348503113e-05
2.18170881271e-05
2.18168497086e-05
2.18240022659e-05
2.18117237091e-05
2.26094722748e-05
2.16403007507e-05
2.15444564819e-05
2.14972496033e-05
2.15969085693e-05
2.15406417847e-05
2.18373537064e-05
2.15957164764e-05
2.16064453125e-05
2.27756500244e-05
2.15631723404e-05
2.1639585495e-05
2.15436220169e-05
2.16187238693e-05
2.16652154922e-05
2.21507549286e-05
2.17291116714e-05
2.15383768082e-05
2.16757059097e-05
2.16068029404e-05
2.17455625534e-05
2.15132236481e-05
2.15076208115e-05
2.16333866119e-05
2.1665930748e-05
2.30700969696e-05
2.17492580414e-05
2.17547416687e-05
2.16468572617e-05
2.18005180359e-05
2.16341018677e-05
2.3006439209e-05
2.16517448425e-05
2.16865539551e-05
2.17659473419e-05
2.16521024704e-05
2.16790437698e-05
2.17304229736e-05
2.19558477402e-05
2.18014717102e-05
2.17012166977e-05
2.17814445496e-05
2.18185186386e-05
2.1800994873e-05
2.17907428741e-05
2.16405391693e-05
2.1620631218e-05
2.16736793518e-05
2.17033624649e-05
2.16057300568e-05
2.17094421387e-05
2.16640233994e-05
2.18008756638e-05
2.16760635376e-05
2.19551324844e-05
2.15548276901e-05
2.16157436371e-05
2.17394828796e-05
2.17192173004e-05
2.16476917267e-05
2.1630525589e-05
2.18487977982e-05
2.16468572617e-05
2.18373537064e-05
2.16884613037e-05
2.17378139496e-05
2.20031738281e-05
2.15820074081e-05
2.15210914612e-05
2.15383768082e-05
2.15550661087e-05
2.16753482819e-05
2.16714143753e-05
2.17996835709e-05
2.1688580513e-05
2.22294330597e-05
2.17126607895e-05
2.2317647934e-05
2.16435194016e-05
2.16556787491e-05
2.17273235321e-05
2.17114686966e-05
2.1671295166e-05
2.15783119202e-05
2.1866440773e-05
2.17313766479e-05
2.16492414474e-05
2.1845459938e-05
2.20686197281e-05
2.18514204025e-05
2.17962265015e-05
2.17813253403e-05
2.18313932419e-05
2.18067169189e-05
2.18218564987e-05
2.17976570129e-05
2.17454433441e-05
2.17791795731e-05
2.37432718277e-05
2.17972993851e-05
2.17008590698e-05
2.17784643173e-05
2.1804690361e-05
2.20903158188e-05
2.1901845932e-05
2.18555927277e-05
2.17978954315e-05
2.18750238419e-05
2.23591327667e-05
2.22222805023e-05
2.17700004578e-05
2.17255353928e-05
2.17227935791e-05
2.16859579086e-05
2.18287706375e-05
2.18160152435e-05
2.17537879944e-05
2.17814445496e-05
2.17347145081e-05
2.37770080566e-05
2.20116376877e-05
2.18114852905e-05
2.1785736084e-05
2.18368768692e-05
2.18412876129e-05
2.18876600266e-05
2.17435359955e-05
2.17748880386e-05
2.17711925507e-05
2.1790266037e-05
2.17448472977e-05
2.18183994293e-05
2.17121839523e-05
2.16635465622e-05
2.16974020004e-05
2.16227769852e-05
2.16100215912e-05
2.16466188431e-05
2.16199159622e-05
2.1652340889e-05
2.17306613922e-05
2.16243267059e-05
2.33782529831e-05
2.16445922852e-05
2.16134786606e-05
2.16528177261e-05
2.16559171677e-05
2.18186378479e-05
2.21713781357e-05
2.18662023544e-05
2.17851400375e-05
2.18216180801e-05
2.19506025314e-05
2.17878818512e-05
2.17616558075e-05
2.16983556747e-05
2.16554403305e-05
2.1761059761e-05
2.18671560287e-05
2.16991901398e-05
2.16913223267e-05
2.18608379364e-05
2.1737575531e-05
2.24435329437e-05
2.18193531036e-05
2.17735767365e-05
2.18687057495e-05
2.1856546402e-05
2.18713283539e-05
2.18739509583e-05
2.18070745468e-05
2.1798491478e-05
2.17646360397e-05
2.17796564102e-05
2.18371152878e-05
2.19795703888e-05
2.18232870102e-05
2.17161178589e-05
2.17282772064e-05
2.17268466949e-05
2.17292308807e-05
2.17417478561e-05
2.17179059982e-05
2.16411352158e-05
2.17316150665e-05
2.16196775436e-05
2.32313871384e-05
2.17378139496e-05
2.17605829239e-05
2.17677354813e-05
2.18487977982e-05
2.18110084534e-05
2.23429203033e-05
2.18695402145e-05
2.16732025146e-05
2.17199325562e-05
2.17895507812e-05
2.16431617737e-05
2.16118097305e-05
2.17207670212e-05
2.17413902283e-05
2.16842889786e-05
2.17072963715e-05
2.2243976593e-05
2.17825174332e-05
2.17547416687e-05
2.17550992966e-05
2.19402313232e-05
2.19057798386e-05
2.17299461365e-05
2.16836929321e-05
2.17107534409e-05
2.1763086319e-05
2.17328071594e-05
2.17822790146e-05
2.19221115112e-05
2.18873023987e-05
2.19556093216e-05
2.18025445938e-05
2.17887163162e-05
2.17689275742e-05
2.18590497971e-05
2.19112634659e-05
2.17598676682e-05
2.18342542648e-05
2.19589471817e-05
2.17957496643e-05
2.17243432999e-05
2.17251777649e-05
2.17255353928e-05
2.1781206131e-05
2.18220949173e-05
2.18169689178e-05
2.17648744583e-05
2.17381715775e-05
2.20943689346e-05
2.1882891655e-05
2.18904018402e-05
2.17267274857e-05
2.19714641571e-05
2.1777510643e-05
2.17726230621e-05
2.17121839523e-05
2.17196941376e-05
2.17975378036e-05
2.19160318375e-05
2.18029022217e-05
2.18433141708e-05
2.18939781189e-05
2.38131284714e-05
2.20247507095e-05
2.1831870079e-05
2.19022035599e-05
2.1870970726e-05
2.2052526474e-05
2.18288898468e-05
2.17442512512e-05
2.19515562057e-05
2.17182636261e-05
2.18951702118e-05
2.18186378479e-05
2.16414928436e-05
2.16194391251e-05
2.16121673584e-05
2.15911865234e-05
2.15456485748e-05
2.16159820557e-05
2.16722488403e-05
2.1572470665e-05
2.15532779694e-05
2.33244895935e-05
2.16808319092e-05
2.18427181244e-05
2.16768980026e-05
2.15758085251e-05
2.16120481491e-05
2.17062234879e-05
2.17304229736e-05
2.15485095978e-05
2.17088460922e-05
2.17287540436e-05
2.17554569244e-05
2.16770172119e-05
2.17308998108e-05
2.17176675797e-05
2.17227935791e-05
2.17951536179e-05
2.17306613922e-05
2.17088460922e-05
2.1799325943e-05
2.18240022659e-05
2.17380523682e-05
2.17567682266e-05
2.18179225922e-05
2.18187570572e-05
2.18831300735e-05
2.18967199326e-05
2.17977762222e-05
2.17695236206e-05
2.18323469162e-05
2.18285322189e-05
2.1746635437e-05
2.1714925766e-05
2.18740701675e-05
2.18131542206e-05
2.17537879944e-05
2.17757225037e-05
2.17536687851e-05
2.17480659485e-05
2.18095779419e-05
2.17680931091e-05
2.16941833496e-05
2.16962099075e-05
2.18018293381e-05
2.17260122299e-05
2.17777490616e-05
2.17514038086e-05
2.17603445053e-05
2.18101739883e-05
2.19440460205e-05
2.17698812485e-05
2.17814445496e-05
2.1789431572e-05
2.16708183289e-05
2.1817445755e-05
2.17057466507e-05
2.18108892441e-05
2.19149589539e-05
2.1740436554e-05
2.17531919479e-05
2.17801332474e-05
2.17607021332e-05
2.18021869659e-05
2.17558145523e-05
2.17788219452e-05
2.18560695648e-05
2.18397378922e-05
2.18439102173e-05
2.16799974442e-05
2.1723151207e-05
2.1833896637e-05
2.17800140381e-05
2.18057632446e-05
2.18781232834e-05
2.19937562943e-05
2.20515727997e-05
2.20153331757e-05
2.21823453903e-05
2.19682455063e-05
2.19814777374e-05
2.20010280609e-05
2.19525098801e-05
2.19721794128e-05
2.19829082489e-05
2.18757390976e-05
2.19955444336e-05
2.18434333801e-05
2.18636989594e-05
2.19602584839e-05
2.20118761063e-05
2.18663215637e-05
2.18629837036e-05
2.19388008118e-05
2.19277143478e-05
2.20257043839e-05
2.17924118042e-05
2.2078037262e-05
2.18844413757e-05
2.19904184341e-05
2.19303369522e-05
2.17785835266e-05
2.18305587769e-05
2.18547582626e-05
2.18724012375e-05
2.1789431572e-05
2.17990875244e-05
2.18712091446e-05
2.19707489014e-05
2.18534469604e-05
2.2274017334e-05
2.19429731369e-05
2.18247175217e-05
2.19231843948e-05
2.18415260315e-05
2.18662023544e-05
2.18209028244e-05
2.18894481659e-05
2.18329429626e-05
2.18833684921e-05
2.17305421829e-05
2.17320919037e-05
2.16739177704e-05
2.16510295868e-05
2.16299295425e-05
2.1601319313e-05
2.16466188431e-05
2.18415260315e-05
2.16933488846e-05
2.30894088745e-05
2.17432975769e-05
2.17746496201e-05
2.17808485031e-05
2.17044353485e-05
2.1680355072e-05
2.19289064407e-05
2.18735933304e-05
2.17673778534e-05
2.19466686249e-05
2.1941781044e-05
2.21922397614e-05
2.20620632172e-05
2.20773220062e-05
2.18459367752e-05
2.19855308533e-05
2.18460559845e-05
2.17468738556e-05
2.18650102615e-05
2.1864771843e-05
2.23577022552e-05
2.18700170517e-05
2.18443870544e-05
2.47999429703e-05
2.19316482544e-05
2.19440460205e-05
2.18766927719e-05
2.20181941986e-05
2.23516225815e-05
2.20111608505e-05
2.20800638199e-05
2.18757390976e-05
2.20025777817e-05
2.19960212708e-05
2.20991373062e-05
2.18729972839e-05
2.18087434769e-05
2.18067169189e-05
2.1891951561e-05
2.19489336014e-05
2.18777656555e-05
2.18119621277e-05
2.18585729599e-05
2.18051671982e-05
2.28763818741e-05
2.19823122025e-05
2.17416286469e-05
2.17761993408e-05
2.18633413315e-05
2.17406749725e-05
2.18838453293e-05
2.18577384949e-05
2.18285322189e-05
2.19206809998e-05
2.17237472534e-05
2.18917131424e-05
2.18284130096e-05
2.19075679779e-05
2.18144655228e-05
2.17823982239e-05
2.18058824539e-05
2.18720436096e-05
2.18204259872e-05
2.18406915665e-05
2.18788385391e-05
2.18186378479e-05
2.18796730042e-05
2.19112634659e-05
2.17373371124e-05
2.17809677124e-05
2.17632055283e-05
2.19693183899e-05
2.28370428085e-05
2.20752954483e-05
2.21098661423e-05
2.2097826004e-05
2.20947265625e-05
2.19666957855e-05
2.19076871872e-05
2.18993425369e-05
2.19124555588e-05
2.54940986633e-05
2.51545906067e-05
2.2017121315e-05
2.19628810883e-05
2.25653648376e-05
2.19851732254e-05
2.22947597504e-05
2.20450162888e-05
2.20041275024e-05
3.34864854813e-05
3.94108295441e-05
2.40297317505e-05
2.49536037445e-05
2.29573249817e-05
2.37836837769e-05
2.22288370132e-05
2.29496955872e-05
2.27388143539e-05
2.20729112625e-05
2.2231221199e-05
2.24890708923e-05
2.21407413483e-05
2.20166444778e-05
2.203810215e-05
2.19621658325e-05
2.21304893494e-05
2.1967291832e-05
2.26136445999e-05
2.23016738892e-05
2.19557285309e-05
2.19475030899e-05
2.39361524582e-05
2.23218202591e-05
2.19438076019e-05
2.19455957413e-05
2.18775272369e-05
2.31102705002e-05
2.19683647156e-05
2.18374729156e-05
2.18486785889e-05
2.17835903168e-05
2.20803022385e-05
2.2279381752e-05
2.17583179474e-05
2.17446088791e-05
2.17076539993e-05
2.17173099518e-05
2.16761827469e-05
2.19938755035e-05
2.17006206512e-05
2.17459201813e-05
2.1733045578e-05
2.16363668442e-05
2.16462612152e-05
2.16443538666e-05
2.16987133026e-05
2.21903324127e-05
2.18802690506e-05
2.21531391144e-05
2.19436883926e-05
2.27274894714e-05
2.18327045441e-05
2.1840929985e-05
2.1855711937e-05
2.19351053238e-05
2.20495462418e-05
2.2066116333e-05
2.21087932587e-05
2.18949317932e-05
2.21567153931e-05
2.18521356583e-05
2.22941637039e-05
2.20512151718e-05
2.19075679779e-05
2.1999001503e-05
2.19671726227e-05
2.1941781044e-05
2.18802690506e-05
2.21251249313e-05
2.19188928604e-05
2.18309164047e-05
2.29294300079e-05
2.20557451248e-05
2.19794511795e-05
2.19131708145e-05
2.1931886673e-05
2.20121145248e-05
2.20363140106e-05
2.18068361282e-05
2.18266248703e-05
2.18179225922e-05
2.19838619232e-05
2.19919681549e-05
2.17590332031e-05
2.19317674637e-05
2.18436717987e-05
2.18683481216e-05
2.1798491478e-05
2.18576192856e-05
2.18752622604e-05
2.17716693878e-05
2.1825671196e-05
2.17301845551e-05
2.29821205139e-05
2.18797922134e-05
2.18592882156e-05
2.20361948013e-05
2.18125581741e-05
2.18279361725e-05
2.19430923462e-05
2.19229459763e-05
2.18428373337e-05
2.1784901619e-05
2.17809677124e-05
2.19469070435e-05
2.18052864075e-05
2.17343568802e-05
2.17164754868e-05
2.18303203583e-05
2.17469930649e-05
2.2022485733e-05
2.21133232117e-05
2.2233247757e-05
2.20699310303e-05
2.20474004745e-05
2.1955370903e-05
2.20221281052e-05
2.19893455505e-05
2.20673084259e-05
2.20634937286e-05
2.20986604691e-05
2.21155881882e-05
2.20819711685e-05
2.20296382904e-05
2.1944642067e-05
2.1950006485e-05
2.208340168e-05
2.22132205963e-05
2.19932794571e-05
2.18726396561e-05
2.19149589539e-05
2.19217538834e-05
2.19768285751e-05
2.19498872757e-05
2.20466852188e-05
2.19013690948e-05
2.19577550888e-05
2.32044458389e-05
2.20860242844e-05
2.19216346741e-05
2.19062566757e-05
2.20544338226e-05
2.18994617462e-05
2.19864845276e-05
2.19202041626e-05
2.19930410385e-05
2.19488143921e-05
2.18343734741e-05
2.19085216522e-05
2.19663381577e-05
2.20860242844e-05
2.2052526474e-05
2.18167304993e-05
2.17162370682e-05
2.18170881271e-05
2.1897315979e-05
2.1913766861e-05
2.21234560013e-05
2.18156576157e-05
2.17745304108e-05
2.19061374664e-05
2.28445529938e-05
2.17435359955e-05
2.1852850914e-05
2.18032598495e-05
2.40805149078e-05
2.20122337341e-05
2.20549106598e-05
2.1940112114e-05
2.18185186386e-05
2.20190286636e-05
2.18241214752e-05
2.18209028244e-05
2.17794179916e-05
2.19529867172e-05
2.19459533691e-05
2.19581127167e-05
2.22411155701e-05
2.20047235489e-05
2.20230817795e-05
2.19730138779e-05
2.32715606689e-05
2.2024512291e-05
2.20085382462e-05
2.20402479172e-05
2.19980478287e-05
2.20853090286e-05
2.23870277405e-05
2.20792293549e-05
2.2154211998e-05
2.20617055893e-05
2.21050977707e-05
2.23771333694e-05
2.22257375717e-05
2.20252275467e-05
2.19506025314e-05
2.19005346298e-05
2.1910905838e-05
2.19483375549e-05
2.20323801041e-05
2.21506357193e-05
2.19879150391e-05
2.20137834549e-05
2.19587087631e-05
2.36316919327e-05
2.2013425827e-05
2.18886137009e-05
2.19343900681e-05
2.20745801926e-05
2.22640037537e-05
2.19646692276e-05
2.20190286636e-05
2.18321084976e-05
2.20941305161e-05
2.20264196396e-05
2.18980312347e-05
2.18436717987e-05
2.17787027359e-05
2.17550992966e-05
2.17888355255e-05
2.20898389816e-05
2.18577384949e-05
2.1958231926e-05
2.19720602036e-05
2.23920345306e-05
2.1956205368e-05
2.18846797943e-05
2.19949483871e-05
2.19439268112e-05
2.19203233719e-05
2.2033572197e-05
2.21148729324e-05
2.20111608505e-05
2.18706130981e-05
2.18518972397e-05
2.18963623047e-05
2.19867229462e-05
2.18447446823e-05
2.20679044724e-05
2.20512151718e-05
2.20685005188e-05
2.21343040466e-05
2.23445892334e-05
2.21420526505e-05
2.21054553986e-05
2.20981836319e-05
2.21109390259e-05
2.21016407013e-05
2.21048593521e-05
2.20757722855e-05
2.20718383789e-05
2.22769975662e-05
2.20475196838e-05
2.2033572197e-05
2.20378637314e-05
2.21590995789e-05
2.26249694824e-05
2.23062038422e-05
2.20109224319e-05
2.20148563385e-05
2.2021651268e-05
2.20004320145e-05
2.1989941597e-05
2.21061706543e-05
2.23202705383e-05
2.20279693604e-05
2.20136642456e-05
2.28766202927e-05
2.30108499527e-05
2.26699113846e-05
2.2008895874e-05
2.20111608505e-05
2.20274925232e-05
2.20829248428e-05
2.23153829575e-05
2.20363140106e-05
2.20910310745e-05
2.19905376434e-05
2.21205949783e-05
2.206158638e-05
2.18482017517e-05
2.18160152435e-05
2.19222307205e-05
2.17791795731e-05
2.18057632446e-05
2.19458341599e-05
2.20175981522e-05
2.18939781189e-05
2.18465328217e-05
2.18348503113e-05
2.17834711075e-05
2.18185186386e-05
2.18667984009e-05
2.18530893326e-05
2.19091176987e-05
2.19900608063e-05
2.18387842178e-05
2.18681097031e-05
2.17394828796e-05
2.19161510468e-05
2.17957496643e-05
2.17226743698e-05
2.18675136566e-05
2.183842659e-05
2.18533277512e-05
2.18958854675e-05
2.21982002258e-05
2.18778848648e-05
2.19657421112e-05
2.19241380692e-05
2.3574590683e-05
2.20034122467e-05
2.19526290894e-05
2.19912528992e-05
2.19988822937e-05
2.2029042244e-05
2.22320556641e-05
2.21713781357e-05
2.19657421112e-05
2.194917202e-05
2.19312906265e-05
2.21267938614e-05
2.19393968582e-05
2.19415426254e-05
2.1978020668e-05
2.19948291779e-05
2.19411849976e-05
2.19919681549e-05
2.20295190811e-05
2.21728086472e-05
2.19563245773e-05
2.19483375549e-05
2.25316286087e-05
2.20319032669e-05
2.17994451523e-05
2.18807458878e-05
2.19272375107e-05
2.19442844391e-05
2.21433639526e-05
2.1842956543e-05
2.18690633774e-05
2.18578577042e-05
2.19863653183e-05
2.19379663467e-05
2.18533277512e-05
2.1807551384e-05
2.17841863632e-05
2.18113660812e-05
2.17924118042e-05
2.2139787674e-05
2.1915435791e-05
2.19030380249e-05
2.18789577484e-05
2.32115983963e-05
2.2045135498e-05
2.19101905823e-05
2.19243764877e-05
2.19248533249e-05
2.19076871872e-05
2.20707654953e-05
2.21277475357e-05
2.18921899796e-05
2.19711065292e-05
2.19053030014e-05
2.25067138672e-05
2.21316814423e-05
2.22704410553e-05
2.21148729324e-05
2.20853090286e-05
2.20869779587e-05
2.20913887024e-05
2.21027135849e-05
2.24026441574e-05
2.21433639526e-05
2.2132396698e-05
2.21310853958e-05
2.23381519318e-05
2.20341682434e-05
2.2049665451e-05
2.20927000046e-05
2.2066950798e-05
2.23236083984e-05
2.210688591e-05
2.22190618515e-05
2.20575332642e-05
2.2155880928e-05
2.21832990646e-05
2.20576524734e-05
2.20493078232e-05
2.20535993576e-05
2.20891237259e-05
2.2079706192e-05
2.21621990204e-05
2.22816467285e-05
2.21017599106e-05
2.21209526062e-05
2.21750736237e-05
2.21594572067e-05
2.20096111298e-05
2.20878124237e-05
2.20507383347e-05
2.20319032669e-05
2.20997333527e-05
2.22635269165e-05
2.20937728882e-05
2.20332145691e-05
2.20100879669e-05
2.20439434052e-05
2.20462083817e-05
2.19064950943e-05
2.20416784286e-05
2.19274759293e-05
2.19087600708e-05
2.19596624374e-05
2.20226049423e-05
2.21698284149e-05
2.18827724457e-05
2.18187570572e-05
2.26969718933e-05
2.20323801041e-05
2.19671726227e-05
2.20502614975e-05
2.19980478287e-05
2.20719575882e-05
2.20946073532e-05
2.18926668167e-05
2.1869301796e-05
2.18812227249e-05
2.19868421555e-05
2.19094753265e-05
2.20679044724e-05
2.20239162445e-05
2.20439434052e-05
2.20279693604e-05
2.21289396286e-05
2.23580598831e-05
2.20593214035e-05
2.20310688019e-05
2.21470594406e-05
2.21626758575e-05
2.21240520477e-05
2.20949649811e-05
2.21166610718e-05
2.21390724182e-05
2.21427679062e-05
2.23731994629e-05
2.27555036545e-05
2.21294164658e-05
2.21123695374e-05
2.21929550171e-05
2.21238136292e-05
2.21256017685e-05
2.20977067947e-05
2.20792293549e-05
2.20979452133e-05
2.23436355591e-05
2.24288702011e-05
2.21296548843e-05
2.20971107483e-05
2.20975875854e-05
2.26805210114e-05
2.21110582352e-05
2.19051837921e-05
2.20239162445e-05
2.19725370407e-05
2.20943689346e-05
2.2744178772e-05
2.25293636322e-05
2.21614837646e-05
2.20263004303e-05
2.2157907486e-05
2.22053527832e-05
2.1984577179e-05
2.18486785889e-05
2.19234228134e-05
2.18951702118e-05
2.19368934631e-05
2.19482183456e-05
2.23869085312e-05
2.28010416031e-05
2.20566987991e-05
2.20723152161e-05
2.20001935959e-05
2.20452547073e-05
2.21037864685e-05
2.21368074417e-05
2.21383571625e-05
2.21217870712e-05
2.21638679504e-05
2.21573114395e-05
2.21344232559e-05
2.20021009445e-05
2.20547914505e-05
2.2049665451e-05
2.25162506104e-05
2.23252773285e-05
2.21940279007e-05
2.21925973892e-05
2.22078561783e-05
2.22630500793e-05
2.22605466843e-05
2.24353075027e-05
2.22864151001e-05
2.2242307663e-05
2.26966142654e-05
2.2271156311e-05
2.21080780029e-05
2.21915245056e-05
2.22427845001e-05
2.22302675247e-05
2.2559762001e-05
2.25180387497e-05
2.24286317825e-05
2.22451686859e-05
2.23734378815e-05
2.22457647324e-05
2.21883058548e-05
2.21710205078e-05
2.23016738892e-05
2.23217010498e-05
2.22780704498e-05
2.23495960236e-05
2.21930742264e-05
2.22271680832e-05
2.22392082214e-05
2.36344337463e-05
2.22090482712e-05
2.22207307816e-05
2.21637487411e-05
2.21922397614e-05
2.22774744034e-05
2.2206902504e-05
2.22629308701e-05
2.22920179367e-05
2.21909284592e-05
2.21629142761e-05
2.21322774887e-05
2.1963596344e-05
2.1960735321e-05
2.19968557358e-05
2.19557285309e-05
2.20109224319e-05
2.19740867615e-05
2.20202207565e-05
2.20116376877e-05
2.1900177002e-05
2.19647884369e-05
2.19432115555e-05
2.18840837479e-05
2.20963954926e-05
2.20150947571e-05
2.21576690674e-05
2.19731330872e-05
2.20164060593e-05
2.19371318817e-05
2.18983888626e-05
2.20016241074e-05
2.19138860703e-05
2.21099853516e-05
2.20477581024e-05
2.20018625259e-05
2.2066950798e-05
2.2141456604e-05
2.21313238144e-05
2.21139192581e-05
2.2131562233e-05
2.21381187439e-05
2.24238634109e-05
2.21074819565e-05
2.21724510193e-05
2.21387147903e-05
2.22001075745e-05
2.22256183624e-05
2.22009420395e-05
2.21673250198e-05
2.22321748734e-05
2.22021341324e-05
2.23586559296e-05
2.2224187851e-05
2.20979452133e-05
2.22097635269e-05
2.21096277237e-05
2.20650434494e-05
2.20468044281e-05
2.21183300018e-05
2.21481323242e-05
2.22177505493e-05
2.21198797226e-05
2.22066640854e-05
2.21974849701e-05
2.2000670433e-05
2.21046209335e-05
2.2087931633e-05
2.21301317215e-05
2.32441425323e-05
2.22631692886e-05
2.21465826035e-05
2.21551656723e-05
2.23699808121e-05
2.22153663635e-05
2.20292806625e-05
2.18962430954e-05
2.19798088074e-05
2.19657421112e-05
2.18676328659e-05
2.19397544861e-05
2.21389532089e-05
2.21272706985e-05
2.2132396698e-05
2.21322774887e-05
2.22327709198e-05
2.21704244614e-05
2.2180557251e-05
2.2110581398e-05
2.22079753876e-05
2.21370458603e-05
2.22904682159e-05
2.21350193024e-05
2.22817659378e-05
2.19743251801e-05
2.20561027527e-05
2.20993757248e-05
2.21679210663e-05
2.21568346024e-05
2.21434831619e-05
2.21856832504e-05
2.2216796875e-05
2.27432250977e-05
2.24553346634e-05
2.2398352623e-05
2.23474502563e-05
2.3677945137e-05
2.24962234497e-05
2.21705436707e-05
2.23394632339e-05
2.2249341011e-05
2.24375724792e-05
2.23904848099e-05
2.24318504333e-05
2.23903656006e-05
2.22569704056e-05
2.24208831787e-05
2.21967697144e-05
2.22223997116e-05
2.21720933914e-05
2.21303701401e-05
2.2133231163e-05
2.22370624542e-05
2.23035812378e-05
2.22226381302e-05
2.21362113953e-05
2.21563577652e-05
2.23126411438e-05
2.21296548843e-05
2.21747159958e-05
2.21828222275e-05
2.21800804138e-05
2.22622156143e-05
2.2231221199e-05
2.2164940834e-05
2.23045349121e-05
2.22648382187e-05
2.2176027298e-05
2.21272706985e-05
2.21910476685e-05
2.20330953598e-05
2.19913721085e-05
2.18687057495e-05
2.19161510468e-05
2.21785306931e-05
2.19085216522e-05
2.19347476959e-05
2.18670368195e-05
2.20601558685e-05
2.19395160675e-05
2.19581127167e-05
2.19664573669e-05
2.19833850861e-05
2.20384597778e-05
2.22638845444e-05
2.19476222992e-05
2.18942165375e-05
2.19312906265e-05
2.20552682877e-05
2.19285488129e-05
2.19074487686e-05
2.21146345139e-05
2.21059322357e-05
2.21445560455e-05
2.22518444061e-05
2.23610401154e-05
2.21368074417e-05
2.21021175385e-05
2.48161554337e-05
2.22775936127e-05
2.22699642181e-05
2.22698450089e-05
2.23482847214e-05
2.22576856613e-05
2.34665870667e-05
2.23089456558e-05
2.26368904114e-05
2.22883224487e-05
2.21831798553e-05
2.28513479233e-05
2.23234891891e-05
2.35543251038e-05
2.22010612488e-05
2.21409797668e-05
2.21759080887e-05
2.23400592804e-05
2.23740339279e-05
2.22347974777e-05
2.23081111908e-05
2.22561359406e-05
2.22697257996e-05
2.34714746475e-05
2.23395824432e-05
2.2154211998e-05
2.22998857498e-05
2.22454071045e-05
2.22640037537e-05
2.21563577652e-05
2.21625566483e-05
2.21475362778e-05
2.21554040909e-05
2.22561359406e-05
2.21109390259e-05
2.2164940834e-05
2.19509601593e-05
2.19691991806e-05
2.19810009003e-05
2.20373868942e-05
2.21586227417e-05
2.22260951996e-05
2.21762657166e-05
2.39259004593e-05
2.23853588104e-05
2.21083164215e-05
2.21970081329e-05
2.22055912018e-05
2.21883058548e-05
2.23567485809e-05
2.22139358521e-05
2.21394300461e-05
2.20830440521e-05
2.21307277679e-05
2.21997499466e-05
2.2073507309e-05
2.20571756363e-05
2.23935842514e-05
2.24786996841e-05
2.24047899246e-05
2.23838090897e-05
2.24757194519e-05
2.24679708481e-05
2.25780010223e-05
2.24502086639e-05
2.48482227325e-05
2.2490978241e-05
2.24826335907e-05
2.23417282104e-05
2.23709344864e-05
2.25166082382e-05
2.30588912964e-05
2.22194194794e-05
2.23232507706e-05
2.2346496582e-05
2.24173069e-05
2.22917795181e-05
2.22743749619e-05
2.23743915558e-05
2.23064422607e-05
2.23532915115e-05
2.27004289627e-05
2.2524356842e-05
2.24621295929e-05
2.28689908981e-05
2.29860544205e-05
2.45730876923e-05
2.83315181732e-05
2.82601118088e-05
2.56873369217e-05
2.23436355591e-05
2.22973823547e-05
2.3862361908e-05
2.26359367371e-05
2.22860574722e-05
2.24649906158e-05
2.230489254e-05
2.23339796066e-05
2.20388174057e-05
2.20894813538e-05
2.19355821609e-05
2.19715833664e-05
2.20450162888e-05
2.19480991364e-05
2.2004365921e-05
2.19360589981e-05
2.20758914948e-05
2.21180915833e-05
2.21827030182e-05
2.22629308701e-05
2.2019982338e-05
2.20739841461e-05
2.20667123795e-05
2.20836400986e-05
2.22605466843e-05
2.28600502014e-05
2.21419334412e-05
2.20704078674e-05
2.20830440521e-05
2.22091674805e-05
2.20407247543e-05
2.21884250641e-05
2.22638845444e-05
2.23101377487e-05
2.21118927002e-05
2.20583677292e-05
2.20487117767e-05
2.21633911133e-05
2.23937034607e-05
2.23566293716e-05
2.21877098083e-05
2.20935344696e-05
2.35471725464e-05
2.24215984344e-05
2.21164226532e-05
2.2157907486e-05
2.21675634384e-05
2.2233247757e-05
2.26571559906e-05
2.22752094269e-05
2.23740339279e-05
2.22467184067e-05
2.23385095596e-05
2.22252607346e-05
2.22216844559e-05
2.22185850143e-05
2.22001075745e-05
2.2211432457e-05
2.21267938614e-05
2.21350193024e-05
2.21483707428e-05
2.22395658493e-05
2.21726894379e-05
2.20538377762e-05
2.42283344269e-05
2.2162437439e-05
2.22401618958e-05
2.21791267395e-05
2.21824645996e-05
2.20853090286e-05
2.21472978592e-05
2.22890377045e-05
2.21546888351e-05
2.21767425537e-05
2.21290588379e-05
2.22061872482e-05
2.20019817352e-05
2.20263004303e-05
2.20192670822e-05
2.2190451622e-05
2.21713781357e-05
2.21985578537e-05
2.21797227859e-05
2.22384929657e-05
2.22382545471e-05
2.4468421936e-05
2.22185850143e-05
2.22940444946e-05
2.22916603088e-05
2.22103595734e-05
2.21133232117e-05
2.22833156586e-05
2.21405029297e-05
2.22233533859e-05
2.21431255341e-05
2.24703550339e-05
2.24757194519e-05
2.24947929382e-05
2.24196910858e-05
2.23289728165e-05
2.2388458252e-05
2.24719047546e-05
2.24343538284e-05
2.23846435547e-05
2.24956274033e-05
2.24611759186e-05
2.23616361618e-05
2.30492353439e-05
2.29976177216e-05
2.24015712738e-05
2.23597288132e-05
2.23979949951e-05
2.24624872208e-05
2.26269960403e-05
2.22289562225e-05
2.24453210831e-05
2.23317146301e-05
2.2238612175e-05
2.22527980804e-05
2.22709178925e-05
2.22396850586e-05
2.22536325455e-05
2.22296714783e-05
2.24938392639e-05
2.24301815033e-05
2.23082304001e-05
2.2229552269e-05
2.2177696228e-05
2.2262096405e-05
2.22196578979e-05
2.22737789154e-05
2.22856998444e-05
2.23381519318e-05
2.2297501564e-05
2.23557949066e-05
2.23481655121e-05
2.21474170685e-05
2.22935676575e-05
2.21607685089e-05
2.21335887909e-05
2.22028493881e-05
2.21744775772e-05
2.22262144089e-05
2.22098827362e-05
2.20638513565e-05
2.22706794739e-05
2.22055912018e-05
2.21996307373e-05
2.23817825317e-05
2.20448970795e-05
2.20228433609e-05
2.21146345139e-05
2.20341682434e-05
2.20930576324e-05
2.20934152603e-05
2.21654176712e-05
2.22768783569e-05
2.22419500351e-05
2.21807956696e-05
2.37494707108e-05
2.23896503448e-05
2.30740308762e-05
2.23181247711e-05
2.24112272263e-05
2.30447053909e-05
2.24605798721e-05
2.24754810333e-05
2.23529338837e-05
2.24657058716e-05
2.25096940994e-05
2.23963260651e-05
2.23202705383e-05
2.22678184509e-05
2.23071575165e-05
2.22465991974e-05
2.22889184952e-05
2.23993062973e-05
2.23604440689e-05
2.25083827972e-05
2.35699415207e-05
2.26001739502e-05
2.23358869553e-05
2.25077867508e-05
2.23922729492e-05
2.2409081459e-05
2.25241184235e-05
2.25174427032e-05
2.23443508148e-05
2.23491191864e-05
2.23307609558e-05
2.24694013596e-05
2.24256515503e-05
2.22574472427e-05
2.2153377533e-05
2.21374034882e-05
2.2193312645e-05
2.21564769745e-05
2.25014686584e-05
2.27919816971e-05
2.23155021667e-05
2.22935676575e-05
2.2331237793e-05
2.21461057663e-05
2.21229791641e-05
2.21874713898e-05
2.22264528275e-05
2.24701166153e-05
2.27949619293e-05
2.2491812706e-05
2.24289894104e-05
2.24363803864e-05
2.25118398666e-05
2.2355556488e-05
2.2291302681e-05
2.22681760788e-05
2.22434997559e-05
2.22228765488e-05
2.22433805466e-05
2.2474527359e-05
2.21983194351e-05
2.23097801208e-05
2.21691131592e-05
2.36413478851e-05
2.2539973259e-05
2.26234197617e-05
2.26284265518e-05
2.25867033005e-05
2.2585272789e-05
2.26393938065e-05
2.25857496262e-05
2.27214097977e-05
2.25409269333e-05
2.25511789322e-05
2.25155353546e-05
2.23106145859e-05
2.23360061646e-05
2.22851037979e-05
2.2264122963e-05
2.25259065628e-05
2.28040218353e-05
2.24907398224e-05
2.25485563278e-05
2.24859714508e-05
2.25200653076e-05
2.24921703339e-05
2.24392414093e-05
2.24983692169e-05
2.24891901016e-05
2.25964784622e-05
2.26987600327e-05
2.24130153656e-05
2.23532915115e-05
2.23873853683e-05
2.2413611412e-05
2.25032567978e-05
2.27229595184e-05
2.27997303009e-05
2.23416090012e-05
2.23213434219e-05
2.23073959351e-05
2.23386287689e-05
2.23438739777e-05
2.23484039307e-05
2.24393606186e-05
2.24325656891e-05
2.22078561783e-05
2.21494436264e-05
2.39628553391e-05
2.23244428635e-05
2.22105979919e-05
2.22187042236e-05
2.21431255341e-05
2.2149682045e-05
2.22512483597e-05
2.2479891777e-05
2.2185087204e-05
2.21165418625e-05
2.20798254013e-05
2.21673250198e-05
2.23697423935e-05
2.21046209335e-05
2.21079587936e-05
2.20160484314e-05
2.19974517822e-05
2.2029042244e-05
2.20456123352e-05
2.22953557968e-05
2.23724842072e-05
2.23544836044e-05
2.22945213318e-05
2.2629737854e-05
2.23916769028e-05
2.23252773285e-05
2.23846435547e-05
2.23481655121e-05
2.24208831787e-05
2.25635766983e-05
2.24810838699e-05
2.23423242569e-05
2.2443652153e-05
2.2390127182e-05
2.22781896591e-05
0.0
