6.73173666e-05
2.80050039291e-05
2.56763696671e-05
2.55501270294e-05
2.72225141525e-05
2.87926197052e-05
2.76634693146e-05
2.55308151245e-05
2.54994630814e-05
2.55448818207e-05
2.55011320114e-05
2.53853797913e-05
2.5808095932e-05
2.58631706238e-05
2.561211586e-05
2.44119167328e-05
2.20956802368e-05
2.21077203751e-05
2.28239297867e-05
2.32268571854e-05
2.18932628632e-05
2.19353437424e-05
2.18765735626e-05
2.1873831749e-05
2.19069719315e-05
2.18676328659e-05
2.3056268692e-05
2.25006341934e-05
2.20355987549e-05
2.44777202606e-05
2.21214294434e-05
2.31066942215e-05
2.4477481842e-05
2.32048034668e-05
2.2465467453e-05
2.21170186996e-05
2.22202539444e-05
2.26633548737e-05
2.81703472137e-05
2.2647023201e-05
2.21531391144e-05
2.40179300308e-05
2.89989709854e-05
2.22736597061e-05
3.27265262604e-05
2.31885910034e-05
2.21967697144e-05
2.35975980759e-05
2.24539041519e-05
2.23935842514e-05
2.23535299301e-05
2.2075176239e-05
2.20639705658e-05
2.28468179703e-05
2.24024057388e-05
2.2750377655e-05
2.20956802368e-05
2.21712589264e-05
2.24672555923e-05
2.22873687744e-05
2.4563908577e-05
2.30829715729e-05
2.39325761795e-05
2.37282514572e-05
2.27434635162e-05
2.23441123962e-05
2.27613449097e-05
2.49600410461e-05
2.7087688446e-05
2.52945423126e-05
2.30139493942e-05
2.21713781357e-05
2.24366188049e-05
2.22058296204e-05
2.25963592529e-05
3.17658185959e-05
2.80361175537e-05
2.28097438812e-05
2.26908922195e-05
2.39551067352e-05
2.24372148514e-05
2.25398540497e-05
2.21898555756e-05
2.36202478409e-05
2.2354722023e-05
2.23231315613e-05
2.22328901291e-05
2.24611759186e-05
2.22505331039e-05
2.39630937576e-05
2.23239660263e-05
2.35568284988e-05
2.30634212494e-05
2.2785782814e-05
2.40329504013e-05
2.22487449646e-05
2.21064090729e-05
2.21076011658e-05
2.22742557526e-05
2.20524072647e-05
0.000361137628555
2.22257375717e-05
2.27739810944e-05
2.23801136017e-05
2.23218202591e-05
2.28961706161e-05
2.22753286362e-05
2.22903490067e-05
2.2167801857e-05
2.21334695816e-05
2.22786664963e-05
2.22078561783e-05
2.22079753876e-05
2.27025747299e-05
2.27581262589e-05
2.23582983017e-05
2.22498178482e-05
2.43270397186e-05
2.33399868011e-05
3.22959423065e-05
6.88683986664e-05
7.57595300674e-05
5.23545742035e-05
6.23190402985e-05
5.68209886551e-05
2.44987010956e-05
2.283680439e-05
2.27918624878e-05
2.75919437408e-05
2.2164106369e-05
2.31530666351e-05
2.3322224617e-05
2.23627090454e-05
2.24578380585e-05
2.23177671432e-05
2.232670784e-05
2.25913524628e-05
2.2341966629e-05
2.22331285477e-05
2.22642421722e-05
2.22280025482e-05
2.41568088531e-05
2.55087614059e-05
3.39498519897e-05
2.23970413208e-05
2.40241289139e-05
2.27823257446e-05
2.36014127731e-05
3.20448875427e-05
2.61546373367e-05
2.27468013763e-05
2.94884443283e-05
2.25404500961e-05
2.46305465698e-05
4.41203117371e-05
2.25853919983e-05
2.23351716995e-05
2.2705078125e-05
2.97286510468e-05
2.4013876915e-05
2.85285711288e-05
2.24015712738e-05
2.44183540344e-05
2.24876403809e-05
2.51506567001e-05
2.23200321198e-05
2.24121809006e-05
2.26049423218e-05
2.30294466019e-05
2.2546172142e-05
2.39809751511e-05
2.8115272522e-05
2.2421002388e-05
2.23541259766e-05
2.25349664688e-05
2.25930213928e-05
2.30383872986e-05
2.24905014038e-05
2.37493515015e-05
2.47185230255e-05
2.37879753113e-05
2.34560966492e-05
2.41748094559e-05
2.45002508163e-05
2.4786233902e-05
2.24491357803e-05
2.2602558136e-05
2.25383043289e-05
2.24539041519e-05
2.25771665573e-05
2.35425233841e-05
2.2433757782e-05
2.83313989639e-05
2.32918262482e-05
3.48981618881e-05
3.74946594238e-05
2.2372841835e-05
2.23304033279e-05
2.46211290359e-05
2.3628950119e-05
2.2977232933e-05
2.24528312683e-05
2.24349498749e-05
2.23304033279e-05
2.27714776993e-05
2.56501436234e-05
3.75636816025e-05
4.32653427124e-05
4.07962799072e-05
4.49779033661e-05
2.28223800659e-05
2.55728960037e-05
2.22843885422e-05
2.22684144974e-05
2.22576856613e-05
2.23256349564e-05
2.25888490677e-05
2.26484537125e-05
2.80570983887e-05
2.23723649979e-05
2.22285985947e-05
2.22702026367e-05
2.22220420837e-05
2.22883224487e-05
2.22095251083e-05
3.81495952606e-05
3.01064252853e-05
2.43326425552e-05
2.6261806488e-05
2.30877399445e-05
2.35652923584e-05
2.24437713623e-05
3.03373336792e-05
2.7999997139e-05
2.25930213928e-05
2.28884220123e-05
2.24170684814e-05
2.24125385284e-05
2.22344398499e-05
2.23095417023e-05
2.22797393799e-05
2.25030183792e-05
2.24155187607e-05
2.25681066513e-05
2.25034952164e-05
2.24350690842e-05
2.24434137344e-05
2.23753452301e-05
2.24583148956e-05
2.23928689957e-05
2.23157405853e-05
2.35337018967e-05
2.30160951614e-05
2.23487615585e-05
2.48042345047e-05
2.3255944252e-05
2.36310958862e-05
2.38202810287e-05
2.40470170975e-05
2.24992036819e-05
2.33006477356e-05
2.32272148132e-05
2.26041078568e-05
2.3310303688e-05
2.28726863861e-05
2.69317626953e-05
2.36860513687e-05
2.24364995956e-05
2.56315469742e-05
3.4795999527e-05
2.5830745697e-05
2.51809358597e-05
3.06249856949e-05
2.38990783691e-05
2.25819349289e-05
2.25279331207e-05
2.36222743988e-05
2.2385597229e-05
2.23258733749e-05
2.24401950836e-05
2.22774744034e-05
2.24311351776e-05
2.24958658218e-05
2.25414037704e-05
2.24632024765e-05
2.24941968918e-05
2.31037139893e-05
2.30468511581e-05
3.98882627487e-05
2.28450298309e-05
2.78420448303e-05
5.47307729721e-05
6.01322650909e-05
4.27702665329e-05
4.33503389359e-05
2.39524841309e-05
2.28133201599e-05
2.29575634003e-05
2.50222682953e-05
2.58466005325e-05
2.26912498474e-05
2.27882862091e-05
2.26644277573e-05
2.27015018463e-05
2.33626365662e-05
2.26670503616e-05
2.25216150284e-05
2.24972963333e-05
2.24636793137e-05
2.2521853447e-05
2.26049423218e-05
2.37493515015e-05
2.30046510696e-05
2.53057479858e-05
2.27897167206e-05
2.2808432579e-05
2.81924009323e-05
4.32326793671e-05
4.17532920837e-05
4.91319894791e-05
8.8604092598e-05
4.75596189499e-05
0.000108934402466
2.46304273605e-05
2.29741334915e-05
3.09199094772e-05
2.64806747437e-05
2.25422382355e-05
2.28432416916e-05
2.29425430298e-05
2.25698947906e-05
2.26335525513e-05
2.41920948029e-05
2.25982666016e-05
2.34391689301e-05
2.31831073761e-05
2.29300260544e-05
2.39169597626e-05
2.47079133987e-05
2.50532627106e-05
2.57219076157e-05
3.34361791611e-05
2.38898992538e-05
2.96891927719e-05
2.32820510864e-05
2.38039493561e-05
2.57302522659e-05
2.27638483047e-05
2.64862775803e-05
2.80598402023e-05
2.26595401764e-05
2.26314067841e-05
2.25937366486e-05
2.2530913353e-05
2.76538133621e-05
2.37959623337e-05
2.26476192474e-05
3.81436347961e-05
2.28246450424e-05
3.79518270493e-05
3.57904434204e-05
2.31211185455e-05
2.2923707962e-05
2.25613117218e-05
2.8885602951e-05
2.31323242188e-05
2.3001909256e-05
2.24568843842e-05
2.24560499191e-05
2.26030349731e-05
2.25983858109e-05
2.25703716278e-05
2.26160287857e-05
2.24504470825e-05
2.24169492722e-05
2.23135948181e-05
2.27998495102e-05
2.24260091782e-05
2.41512060165e-05
2.30556726456e-05
2.26857662201e-05
2.31808423996e-05
2.27764844894e-05
2.8373837471e-05
2.26513147354e-05
2.25883722305e-05
2.26792097092e-05
2.28130817413e-05
4.81839179993e-05
2.3234128952e-05
2.35788822174e-05
3.09989452362e-05
2.29206085205e-05
2.44648456573e-05
2.3485660553e-05
2.31211185455e-05
2.28191614151e-05
2.69777774811e-05
3.13739776611e-05
3.12625169754e-05
2.27741003036e-05
4.73790168762e-05
2.57148742676e-05
2.42400169373e-05
2.29748487473e-05
2.36039161682e-05
2.30892896652e-05
2.26974487305e-05
2.27972269058e-05
2.30444669724e-05
2.26626396179e-05
2.29789018631e-05
2.26386785507e-05
2.26936340332e-05
2.45114564896e-05
2.46608257294e-05
2.29651927948e-05
2.43386030197e-05
2.43524312973e-05
3.47603559494e-05
2.31330394745e-05
2.41895914078e-05
2.88066864014e-05
2.40207910538e-05
2.41426229477e-05
2.3402094841e-05
2.27247476578e-05
2.93159484863e-05
2.87972688675e-05
2.2857427597e-05
3.27525138855e-05
2.3606300354e-05
2.26973295212e-05
2.32058763504e-05
2.26365327835e-05
2.29148864746e-05
2.2598862648e-05
2.2834777832e-05
2.51476764679e-05
2.2597193718e-05
2.27183103561e-05
2.25375890732e-05
2.25701332092e-05
2.24938392639e-05
2.24674940109e-05
2.29533910751e-05
2.49918699265e-05
2.28246450424e-05
2.41316556931e-05
2.43327617645e-05
3.56441736221e-05
2.26438045502e-05
2.26594209671e-05
2.60215997696e-05
3.12609672546e-05
2.48981714249e-05
2.30948925018e-05
2.28853225708e-05
2.49913930893e-05
2.25459337234e-05
2.26304531097e-05
2.25706100464e-05
2.26300954819e-05
2.25030183792e-05
2.25163698196e-05
2.27652788162e-05
2.28705406189e-05
2.27143764496e-05
2.2491812706e-05
2.24524736404e-05
2.25070714951e-05
2.26200819016e-05
2.25629806519e-05
2.31701135635e-05
2.26336717606e-05
2.32826471329e-05
2.3247718811e-05
2.26700305939e-05
2.25287675858e-05
2.86127328873e-05
2.26534605026e-05
2.2625207901e-05
2.33372449875e-05
3.77408266068e-05
4.85163927078e-05
2.59450674057e-05
2.40297317505e-05
2.5624871254e-05
2.48584747314e-05
2.30178833008e-05
2.38031148911e-05
2.26947069168e-05
2.39188671112e-05
2.27930545807e-05
2.31560468674e-05
2.29430198669e-05
2.29151248932e-05
2.288377285e-05
2.28551626205e-05
2.26415395737e-05
2.25622653961e-05
2.26073265076e-05
2.25282907486e-05
2.28728055954e-05
2.26991176605e-05
2.26564407349e-05
2.31440067291e-05
2.27741003036e-05
2.27023363113e-05
2.26004123688e-05
2.26632356644e-05
2.26788520813e-05
2.27034091949e-05
2.25576162338e-05
2.25669145584e-05
2.28091478348e-05
2.25738286972e-05
2.26540565491e-05
2.2559762001e-05
2.2554397583e-05
2.28011608124e-05
2.27354764938e-05
2.25780010223e-05
2.25605964661e-05
2.25161314011e-05
2.25058794022e-05
2.24758386612e-05
2.26391553879e-05
2.2510766983e-05
2.24821567535e-05
2.30541229248e-05
2.25168466568e-05
2.25439071655e-05
2.25239992142e-05
2.25737094879e-05
2.25217342377e-05
2.2567152977e-05
2.2561788559e-05
2.25608348846e-05
2.26063728333e-05
2.27171182632e-05
2.25718021393e-05
2.26460695267e-05
2.28391885757e-05
2.26082801819e-05
2.25327014923e-05
2.24775075912e-05
2.25055217743e-05
2.25002765656e-05
2.26479768753e-05
2.28568315506e-05
2.27819681168e-05
2.26142406464e-05
2.2594332695e-05
2.30641365051e-05
2.26548910141e-05
2.25595235825e-05
2.25745439529e-05
2.26007699966e-05
2.26631164551e-05
2.27718353271e-05
2.25985050201e-05
2.26085186005e-05
2.27334499359e-05
2.25385427475e-05
2.31164693832e-05
2.26531028748e-05
2.25030183792e-05
2.26711034775e-05
2.26408243179e-05
2.27093696594e-05
2.25583314896e-05
2.25458145142e-05
2.25083827972e-05
2.27153301239e-05
2.25380659103e-05
2.25238800049e-05
2.37067937851e-05
2.25801467896e-05
2.26755142212e-05
2.26513147354e-05
2.26286649704e-05
2.2626042366e-05
2.26026773453e-05
2.26843357086e-05
2.26541757584e-05
2.29266881943e-05
2.2688627243e-05
2.25917100906e-05
2.25268602371e-05
2.31214761734e-05
2.27590799332e-05
2.27043628693e-05
2.25789546967e-05
2.25558280945e-05
2.25515365601e-05
2.26418972015e-05
2.25998163223e-05
2.2562623024e-05
2.25667953491e-05
2.26918458939e-05
2.2962808609e-05
2.25911140442e-05
2.25772857666e-05
2.2620677948e-05
2.26261615753e-05
2.2544503212e-05
2.25164890289e-05
2.26094722748e-05
2.26908922195e-05
2.27856636047e-05
2.25117206573e-05
2.27174758911e-05
2.25950479507e-05
2.28725671768e-05
2.27292776108e-05
2.28428840637e-05
2.25486755371e-05
2.25690603256e-05
2.25080251694e-05
2.25430727005e-05
2.25442647934e-05
2.26637125015e-05
2.2544503212e-05
2.39366292953e-05
2.27509737015e-05
2.25887298584e-05
2.26985216141e-05
2.25465297699e-05
2.2479891777e-05
2.24895477295e-05
2.24280357361e-05
2.25927829742e-05
2.26110219955e-05
2.33854055405e-05
2.32445001602e-05
2.25853919983e-05
2.25285291672e-05
2.2768497467e-05
2.27839946747e-05
2.26645469666e-05
2.24927663803e-05
2.24407911301e-05
2.24368572235e-05
2.243745327e-05
2.24123001099e-05
2.25657224655e-05
2.23854780197e-05
2.23605632782e-05
2.35662460327e-05
2.25840806961e-05
2.2411942482e-05
2.24715471268e-05
2.23722457886e-05
2.30334997177e-05
2.23978757858e-05
2.24267244339e-05
2.2552728653e-05
2.26885080338e-05
2.30127573013e-05
2.26144790649e-05
2.2455573082e-05
2.25571393967e-05
2.27025747299e-05
2.25788354874e-05
2.23706960678e-05
2.23822593689e-05
2.23290920258e-05
2.23447084427e-05
2.23709344864e-05
2.23935842514e-05
2.23244428635e-05
2.36842632294e-05
2.24742889404e-05
2.23944187164e-05
2.2386431694e-05
2.24165916443e-05
2.23585367203e-05
2.23035812378e-05
2.23088264465e-05
2.23358869553e-05
2.259516716e-05
2.25046873093e-05
2.24312543869e-05
2.25347280502e-05
2.24545001984e-05
2.24220752716e-05
2.23768949509e-05
2.25721597672e-05
2.23200321198e-05
2.23349332809e-05
2.23702192307e-05
2.2337436676e-05
2.3078918457e-05
2.24425792694e-05
2.23507881165e-05
2.26298570633e-05
2.24299430847e-05
2.23747491837e-05
2.23326683044e-05
2.23520994186e-05
2.23360061646e-05
2.23391056061e-05
2.24570035934e-05
2.2381901741e-05
2.25406885147e-05
2.24547386169e-05
2.25785970688e-05
2.23319530487e-05
2.23360061646e-05
2.24022865295e-05
2.26054191589e-05
2.27307081223e-05
2.24937200546e-05
2.2390127182e-05
2.24630832672e-05
2.23467350006e-05
2.23340988159e-05
2.23702192307e-05
2.24467515945e-05
2.23593711853e-05
2.46742963791e-05
2.26652622223e-05
2.25715637207e-05
2.24472284317e-05
2.26519107819e-05
2.24497318268e-05
2.24120616913e-05
2.24270820618e-05
2.24806070328e-05
2.26258039474e-05
2.33212709427e-05
2.27494239807e-05
2.25129127502e-05
2.26166248322e-05
2.25797891617e-05
2.25991010666e-05
2.24024057388e-05
2.24108695984e-05
2.24183797836e-05
2.24061012268e-05
2.24781036377e-05
2.25147008896e-05
2.24845409393e-05
2.39727497101e-05
2.48818397522e-05
2.28736400604e-05
2.27990150452e-05
2.2805929184e-05
2.25924253464e-05
2.29234695435e-05
2.25940942764e-05
2.2708773613e-05
2.36737728119e-05
2.30269432068e-05
2.25561857224e-05
2.25473642349e-05
2.25124359131e-05
2.25342512131e-05
2.28111743927e-05
2.26044654846e-05
2.24226713181e-05
2.24666595459e-05
2.24472284317e-05
2.23186016083e-05
2.2359251976e-05
2.23964452744e-05
2.24770307541e-05
2.54073143005e-05
2.42742300034e-05
3.59038114548e-05
2.85499095917e-05
3.24198007584e-05
2.26411819458e-05
2.25203037262e-05
2.25234031677e-05
2.25641727448e-05
2.29856967926e-05
2.26352214813e-05
2.26954221725e-05
2.26213932037e-05
2.27340459824e-05
2.26855278015e-05
2.27534770966e-05
2.26166248322e-05
2.25942134857e-05
2.25168466568e-05
2.25776433945e-05
2.30144262314e-05
2.25687026978e-05
2.25585699081e-05
2.25565433502e-05
2.25548744202e-05
2.26172208786e-05
2.28232145309e-05
2.26403474808e-05
2.27254629135e-05
2.25419998169e-05
2.2604227066e-05
2.26082801819e-05
2.26901769638e-05
2.26027965546e-05
2.27067470551e-05
2.27717161179e-05
2.26063728333e-05
2.26645469666e-05
2.2718667984e-05
2.26621627808e-05
2.25625038147e-05
2.26240158081e-05
2.26489305496e-05
2.26014852524e-05
2.25279331207e-05
2.27284431458e-05
2.25768089294e-05
2.25635766983e-05
2.25737094879e-05
2.25647687912e-05
2.26180553436e-05
2.26629972458e-05
2.27453708649e-05
2.25911140442e-05
2.27117538452e-05
2.2643327713e-05
2.27851867676e-05
2.26445198059e-05
2.26353406906e-05
2.272772789e-05
2.26356983185e-05
2.27389335632e-05
2.26553678513e-05
2.26448774338e-05
2.29508876801e-05
2.26261615753e-05
2.26191282272e-05
2.25098133087e-05
2.25646495819e-05
2.26520299911e-05
2.26060152054e-05
2.26728916168e-05
2.26085186005e-05
2.39555835724e-05
2.26775407791e-05
2.26402282715e-05
2.26311683655e-05
2.26687192917e-05
2.25790739059e-05
2.26758718491e-05
2.27048397064e-05
2.27103233337e-05
2.26321220398e-05
2.25592851639e-05
2.27566957474e-05
2.25629806519e-05
2.27271318436e-05
2.25774049759e-05
2.26446390152e-05
2.24807262421e-05
2.26318836212e-05
2.24944353104e-05
2.26854085922e-05
2.2607922554e-05
2.27074623108e-05
2.51259803772e-05
2.2945523262e-05
2.26168632507e-05
2.28582620621e-05
2.2714138031e-05
2.27144956589e-05
2.27890014648e-05
2.27272510529e-05
2.26671695709e-05
2.29142904282e-05
2.28006839752e-05
2.27514505386e-05
2.2700548172e-05
2.2700548172e-05
2.27106809616e-05
2.27183103561e-05
2.29127407074e-05
2.31873989105e-05
2.29181051254e-05
2.29767560959e-05
2.27265357971e-05
2.29314565659e-05
2.28472948074e-05
2.27334499359e-05
2.29346752167e-05
2.2784948349e-05
2.27290391922e-05
2.47060060501e-05
2.27469205856e-05
2.27389335632e-05
2.27818489075e-05
2.27994918823e-05
2.28489637375e-05
2.28335857391e-05
2.27835178375e-05
2.30087041855e-05
2.29300260544e-05
2.28732824326e-05
2.28054523468e-05
2.28023529053e-05
2.29023694992e-05
2.29287147522e-05
2.26327180862e-05
2.26650238037e-05
2.26446390152e-05
2.26417779922e-05
2.41340398788e-05
2.2697687149e-05
2.2692322731e-05
2.27432250977e-05
2.26697921753e-05
2.2714138031e-05
2.26640701294e-05
2.27243900299e-05
2.28542089462e-05
2.28781700134e-05
2.29192972183e-05
2.29845046997e-05
2.27556228638e-05
2.28000879288e-05
2.27674245834e-05
2.27493047714e-05
2.27731466293e-05
2.27742195129e-05
2.28312015533e-05
2.27712392807e-05
2.27406024933e-05
2.27175951004e-05
2.27196216583e-05
2.27484703064e-05
2.27715969086e-05
2.2700548172e-05
2.33227014542e-05
2.29787826538e-05
2.28219032288e-05
2.28871107101e-05
2.28214263916e-05
2.28247642517e-05
2.27557420731e-05
2.27823257446e-05
2.27776765823e-05
2.29289531708e-05
2.28831768036e-05
2.27357149124e-05
2.29007005692e-05
2.28381156921e-05
2.29313373566e-05
2.29860544205e-05
2.29917764664e-05
2.29098796844e-05
2.26672887802e-05
2.27704048157e-05
2.2690653801e-05
2.27437019348e-05
2.27092504501e-05
2.26790904999e-05
2.27383375168e-05
2.27597951889e-05
2.27662324905e-05
2.27786302567e-05
2.27917432785e-05
2.28106975555e-05
2.292573452e-05
2.2956609726e-05
2.29189395905e-05
2.29295492172e-05
2.29153633118e-05
2.28723287582e-05
2.28836536407e-05
2.29173898697e-05
2.28353738785e-05
2.29352712631e-05
2.27177143097e-05
2.26658582687e-05
2.26343870163e-05
2.26572751999e-05
2.27137804031e-05
2.27395296097e-05
2.27537155151e-05
2.3255109787e-05
2.27794647217e-05
2.2901058197e-05
2.28468179703e-05
2.29117870331e-05
2.28214263916e-05
2.27943658829e-05
2.28558778763e-05
2.28122472763e-05
2.29250192642e-05
2.27870941162e-05
2.28227376938e-05
2.27988958359e-05
2.27242708206e-05
2.29308605194e-05
2.27334499359e-05
2.27754116058e-05
2.27130651474e-05
2.27278470993e-05
2.27694511414e-05
2.28186845779e-05
2.29424238205e-05
2.29232311249e-05
2.28278636932e-05
2.39855051041e-05
2.28755474091e-05
2.2870182991e-05
2.28688716888e-05
2.2940158844e-05
2.28385925293e-05
2.28669643402e-05
2.28048563004e-05
2.27410793304e-05
2.29543447495e-05
2.28049755096e-05
2.27681398392e-05
2.28147506714e-05
2.28277444839e-05
2.29469537735e-05
2.29148864746e-05
2.28378772736e-05
2.28877067566e-05
2.27838754654e-05
2.27768421173e-05
2.28163003922e-05
2.28410959244e-05
2.27963924408e-05
2.27717161179e-05
2.41543054581e-05
2.28507518768e-05
2.2736787796e-05
2.286195755e-05
2.28620767593e-05
2.28224992752e-05
2.28909254074e-05
2.28912830353e-05
2.29016542435e-05
2.33790874481e-05
2.29960680008e-05
2.28801965714e-05
2.29367017746e-05
2.31462717056e-05
2.29717493057e-05
2.28745937347e-05
2.28706598282e-05
2.29034423828e-05
2.29096412659e-05
2.29123830795e-05
2.29386091232e-05
2.29601860046e-05
2.29108333588e-05
2.29173898697e-05
2.28492021561e-05
2.2891163826e-05
2.28860378265e-05
2.28270292282e-05
2.29750871658e-05
2.29089260101e-05
2.2997379303e-05
2.32917070389e-05
2.29182243347e-05
2.30774879456e-05
2.30277776718e-05
2.3007273674e-05
2.33910083771e-05
2.2958278656e-05
2.29378938675e-05
2.28053331375e-05
2.26501226425e-05
2.2690653801e-05
2.29221582413e-05
2.28254795074e-05
2.29609012604e-05
2.27501392365e-05
2.42391824722e-05
2.41914987564e-05
2.28487253189e-05
2.2779583931e-05
2.27136611938e-05
2.28275060654e-05
2.28319168091e-05
2.2881269455e-05
2.29716300964e-05
2.28499174118e-05
2.30550765991e-05
2.30629444122e-05
2.29859352112e-05
2.29682922363e-05
2.29641199112e-05
2.29707956314e-05
2.27500200272e-05
2.27313041687e-05
2.27401256561e-05
2.27885246277e-05
2.29020118713e-05
2.28186845779e-05
2.29126214981e-05
2.42952108383e-05
2.29511260986e-05
2.31690406799e-05
2.30493545532e-05
2.29971408844e-05
2.30977535248e-05
2.31250524521e-05
2.30281352997e-05
2.37315893173e-05
2.54791975021e-05
2.28711366653e-05
2.28350162506e-05
2.27457284927e-05
2.30482816696e-05
2.28683948517e-05
2.2845864296e-05
2.27824449539e-05
2.28139162064e-05
2.28009223938e-05
2.283847332e-05
2.27421522141e-05
2.28464603424e-05
2.28661298752e-05
2.43252515793e-05
2.28742361069e-05
2.29127407074e-05
2.28350162506e-05
2.28972434998e-05
2.29365825653e-05
2.29009389877e-05
2.29544639587e-05
2.31041908264e-05
2.28959321976e-05
2.29796171188e-05
2.27164030075e-05
2.29538679123e-05
2.2993683815e-05
2.27935314178e-05
2.28031873703e-05
2.27712392807e-05
2.28867530823e-05
2.29182243347e-05
2.29251384735e-05
2.29027271271e-05
2.28689908981e-05
2.30467319489e-05
2.30761766434e-05
2.27575302124e-05
2.29221582413e-05
2.28871107101e-05
2.28288173676e-05
2.28079557419e-05
2.28179693222e-05
2.30541229248e-05
2.28282213211e-05
2.29543447495e-05
2.29201316833e-05
2.28582620621e-05
2.2945523262e-05
2.30588912964e-05
2.27073431015e-05
2.27704048157e-05
2.28049755096e-05
2.27187871933e-05
2.26978063583e-05
2.28170156479e-05
2.27289199829e-05
2.27944850922e-05
2.27423906326e-05
2.28133201599e-05
2.28219032288e-05
2.2909283638e-05
2.2922873497e-05
2.28554010391e-05
2.28445529938e-05
2.29082107544e-05
2.29450464249e-05
2.29163169861e-05
2.29843854904e-05
2.30920314789e-05
2.29828357697e-05
2.30160951614e-05
2.31508016586e-05
2.36065387726e-05
2.30162143707e-05
2.2988319397e-05
2.29625701904e-05
2.29531526566e-05
2.29382514954e-05
2.3065328598e-05
2.33035087585e-05
2.30429172516e-05
2.29797363281e-05
2.29926109314e-05
2.49247550964e-05
2.30450630188e-05
2.30993032455e-05
2.30548381805e-05
2.30104923248e-05
2.29882001877e-05
2.29743719101e-05
2.30423212051e-05
2.31832265854e-05
2.40039825439e-05
2.32766866684e-05
2.31407880783e-05
2.31212377548e-05
2.32471227646e-05
2.30115652084e-05
2.29139328003e-05
2.28667259216e-05
2.29700803757e-05
2.28972434998e-05
2.31910943985e-05
2.30901241302e-05
2.3026227951e-05
2.30062007904e-05
2.30544805527e-05
2.30828523636e-05
2.29977369308e-05
2.30333805084e-05
2.3028254509e-05
2.30065584183e-05
2.30425596237e-05
2.31572389603e-05
2.3267865181e-05
2.31992006302e-05
2.30820178986e-05
2.30495929718e-05
2.32992172241e-05
2.30779647827e-05
2.30597257614e-05
2.29605436325e-05
2.29352712631e-05
2.29314565659e-05
2.297103405e-05
2.30011940002e-05
2.3148059845e-05
2.30269432068e-05
2.4249792099e-05
2.29983329773e-05
2.30907201767e-05
2.30679512024e-05
2.30702161789e-05
2.30770111084e-05
2.30022668839e-05
2.3046374321e-05
2.32051610947e-05
2.32746601105e-05
2.30797529221e-05
2.29830741882e-05
2.30923891068e-05
2.32108831406e-05
2.30954885483e-05
2.29872465134e-05
2.30401754379e-05
2.30040550232e-05
2.30556726456e-05
2.30643749237e-05
2.30487585068e-05
2.301633358e-05
2.34733819962e-05
2.31306552887e-05
2.30524539948e-05
2.31212377548e-05
2.30813026428e-05
2.31091976166e-05
2.31355428696e-05
2.31636762619e-05
2.32002735138e-05
2.33583450317e-05
2.3278594017e-05
2.31096744537e-05
2.30838060379e-05
2.30896472931e-05
2.33080387115e-05
2.30989456177e-05
2.30162143707e-05
2.29918956757e-05
2.29560136795e-05
2.29171514511e-05
2.32416391373e-05
2.30439901352e-05
2.30612754822e-05
2.30957269669e-05
2.31025218964e-05
2.30892896652e-05
2.30971574783e-05
2.30910778046e-05
2.30718851089e-05
2.30576992035e-05
2.30878591537e-05
2.31010913849e-05
2.32743024826e-05
2.30693817139e-05
2.3090839386e-05
2.31474637985e-05
2.3673415184e-05
2.30954885483e-05
2.31146812439e-05
2.3050069809e-05
2.303814888e-05
2.30449438095e-05
2.30598449707e-05
2.33734846115e-05
2.31333971024e-05
2.31479406357e-05
2.31260061264e-05
2.31059789658e-05
2.3077249527e-05
2.30977535248e-05
2.30386257172e-05
2.30565071106e-05
2.37997770309e-05
2.3100733757e-05
2.31076478958e-05
2.33683586121e-05
2.30911970139e-05
2.31310129166e-05
2.30503082275e-05
2.31038331985e-05
2.30046510696e-05
2.30561494827e-05
2.30269432068e-05
2.30288505554e-05
2.2975564003e-05
2.30742692947e-05
2.31846570969e-05
2.30493545532e-05
2.30468511581e-05
2.32963562012e-05
2.30846405029e-05
2.31014490128e-05
2.30915546417e-05
2.31121778488e-05
2.310359478e-05
2.32099294662e-05
2.31069326401e-05
2.30804681778e-05
2.33526229858e-05
2.30752229691e-05
2.30952501297e-05
2.30740308762e-05
2.30981111526e-05
2.30296850204e-05
2.30972766876e-05
2.30484008789e-05
2.3052573204e-05
2.30348110199e-05
2.30762958527e-05
2.32180356979e-05
2.30076313019e-05
2.30720043182e-05
2.40012407303e-05
2.30271816254e-05
2.3051738739e-05
2.30833292007e-05
2.3034453392e-05
2.30021476746e-05
2.30039358139e-05
2.30314731598e-05
2.31994390488e-05
2.32214927673e-05
2.31522321701e-05
2.31105089188e-05
2.31368541718e-05
2.31630802155e-05
2.30726003647e-05
2.30931043625e-05
2.30234861374e-05
2.29771137238e-05
2.30574607849e-05
2.32536792755e-05
2.30704545975e-05
2.30665206909e-05
2.45316028595e-05
2.31610536575e-05
2.30668783188e-05
2.31112241745e-05
2.31482982635e-05
2.31189727783e-05
2.30909585953e-05
2.31118202209e-05
2.32506990433e-05
2.32778787613e-05
2.3154258728e-05
2.33128070831e-05
2.31573581696e-05
2.31407880783e-05
2.31250524521e-05
2.30520963669e-05
2.30736732483e-05
2.3073554039e-05
2.31204032898e-05
2.31775045395e-05
2.33480930328e-05
2.32387781143e-05
2.31600999832e-05
2.38252878189e-05
2.33136415482e-05
2.32305526733e-05
2.31615304947e-05
2.31593847275e-05
2.31682062149e-05
2.31757164001e-05
2.31688022614e-05
2.33173370361e-05
2.33547687531e-05
2.31748819351e-05
2.30865478516e-05
2.31027603149e-05
2.36284732819e-05
2.317070961e-05
2.31059789658e-05
2.30818986893e-05
2.31028795242e-05
2.30712890625e-05
2.31394767761e-05
2.33510732651e-05
2.31795310974e-05
2.31192111969e-05
2.30994224548e-05
2.3144364357e-05
2.31471061707e-05
2.31118202209e-05
2.31945514679e-05
2.31359004974e-05
2.31432914734e-05
2.31258869171e-05
2.31239795685e-05
2.31679677963e-05
2.39396095276e-05
2.34121084213e-05
2.31704711914e-05
2.33060121536e-05
2.32981443405e-05
2.34246253967e-05
2.32402086258e-05
2.3183465004e-05
2.31677293777e-05
2.3099899292e-05
2.3099064827e-05
2.33672857285e-05
2.33368873596e-05
2.32791900635e-05
2.36079692841e-05
2.33150720596e-05
2.33570337296e-05
2.35538482666e-05
2.32203006744e-05
2.32102870941e-05
2.32934951782e-05
2.3338675499e-05
2.34481096268e-05
2.34174728394e-05
2.43149995804e-05
2.32605934143e-05
2.32741832733e-05
2.32020616531e-05
2.33769416809e-05
2.33161449432e-05
2.31964588165e-05
2.31456756592e-05
2.33132839203e-05
2.32576131821e-05
2.31865644455e-05
2.33286619186e-05
2.32090950012e-05
2.4650812149e-05
2.32865810394e-05
2.32000350952e-05
2.31872797012e-05
2.32243537903e-05
2.33509540558e-05
2.32042074203e-05
2.32881307602e-05
2.34336853027e-05
2.32799053192e-05
2.32719182968e-05
2.32138633728e-05
2.32121944427e-05
2.34128236771e-05
2.33167409897e-05
2.32038497925e-05
2.31699943542e-05
2.32245922089e-05
2.33285427094e-05
2.3207783699e-05
2.32952833176e-05
2.32030153275e-05
2.35455036163e-05
2.31560468674e-05
2.3307800293e-05
2.32417583466e-05
2.3216843605e-05
2.33775377274e-05
2.32646465302e-05
2.32838392258e-05
2.34795808792e-05
2.34005451202e-05
2.33676433563e-05
2.32986211777e-05
2.32253074646e-05
2.32266187668e-05
2.3179769516e-05
2.31716632843e-05
2.31626033783e-05
2.31994390488e-05
2.34045982361e-05
2.31498479843e-05
2.32136249542e-05
2.31841802597e-05
2.44888067245e-05
2.31528282166e-05
2.3120880127e-05
2.31956243515e-05
2.31850147247e-05
2.31614112854e-05
2.31682062149e-05
2.31665372849e-05
2.34168767929e-05
2.33987569809e-05
2.32539176941e-05
2.3225069046e-05
2.31869220734e-05
2.36630439758e-05
2.32264995575e-05
2.32018232346e-05
2.31904983521e-05
2.31778621674e-05
2.31630802155e-05
2.32018232346e-05
2.3176908493e-05
2.34727859497e-05
2.31918096542e-05
2.31815576553e-05
2.31276750565e-05
2.46628522873e-05
2.32008695602e-05
2.32070684433e-05
2.321434021e-05
2.32244729996e-05
2.31716632843e-05
2.31502056122e-05
2.31337547302e-05
2.32840776443e-05
2.33182907104e-05
2.33125686646e-05
2.31175422668e-05
2.32719182968e-05
2.31186151505e-05
2.31056213379e-05
2.30523347855e-05
2.31177806854e-05
2.30952501297e-05
2.31692790985e-05
2.32856273651e-05
2.31844186783e-05
2.31276750565e-05
2.4690747261e-05
2.34570503235e-05
2.3221373558e-05
2.33637094498e-05
2.3317694664e-05
2.32617855072e-05
2.32638120651e-05
2.32626199722e-05
2.34112739563e-05
2.34557390213e-05
2.33587026596e-05
2.32776403427e-05
2.32203006744e-05
2.32694149017e-05
2.31533050537e-05
2.31248140335e-05
2.31336355209e-05
2.31202840805e-05
2.31423377991e-05
2.33824253082e-05
2.31419801712e-05
2.32646465302e-05
2.31873989105e-05
2.32189893723e-05
2.31306552887e-05
2.31691598892e-05
2.32305526733e-05
2.31882333755e-05
2.31962203979e-05
2.32253074646e-05
2.32148170471e-05
2.33184099197e-05
2.34843492508e-05
2.33478546143e-05
2.3236989975e-05
2.33080387115e-05
2.34477519989e-05
2.32919454575e-05
2.32443809509e-05
2.3146033287e-05
2.31556892395e-05
2.31660604477e-05
2.32092142105e-05
2.32765674591e-05
2.32290029526e-05
2.56246328354e-05
2.33734846115e-05
2.32402086258e-05
2.32107639313e-05
2.3197054863e-05
2.3207783699e-05
2.32144594193e-05
2.32186317444e-05
2.32964754105e-05
2.34160423279e-05
2.31198072433e-05
2.31446027756e-05
2.314889431e-05
2.31319665909e-05
2.37663984299e-05
2.31872797012e-05
2.31376886368e-05
2.3129940033e-05
2.31070518494e-05
2.31132507324e-05
2.30909585953e-05
2.31359004974e-05
2.31047868729e-05
2.30920314789e-05
2.31740474701e-05
2.32057571411e-05
2.31604576111e-05
2.31505632401e-05
2.32228040695e-05
2.31288671494e-05
2.31170654297e-05
2.31426954269e-05
2.32175588608e-05
2.33601331711e-05
2.33187675476e-05
2.31401920319e-05
2.32416391373e-05
2.32719182968e-05
2.31477022171e-05
2.31271982193e-05
2.3131608963e-05
2.31177806854e-05
2.31562852859e-05
2.33764648438e-05
2.32318639755e-05
2.31974124908e-05
2.60429382324e-05
2.332675457e-05
2.33093500137e-05
2.34500169754e-05
2.37183570862e-05
2.33498811722e-05
2.38579511642e-05
2.33910083771e-05
2.46566534042e-05
2.39437818527e-05
2.71577835083e-05
2.34389305115e-05
2.34658718109e-05
2.35155820847e-05
2.33221054077e-05
2.32889652252e-05
2.3327589035e-05
2.33050584793e-05
2.33098268509e-05
2.34982967377e-05
2.34177112579e-05
2.3332118988e-05
2.32574939728e-05
2.33038663864e-05
2.33088731766e-05
2.33420133591e-05
2.3325920105e-05
2.33895778656e-05
2.33062505722e-05
2.33594179153e-05
2.33445167542e-05
2.33415365219e-05
2.34889984131e-05
2.33861207962e-05
2.32546329498e-05
2.33031511307e-05
2.32660770416e-05
2.33385562897e-05
2.32084989548e-05
2.31173038483e-05
2.31537818909e-05
2.31845378876e-05
2.31568813324e-05
2.32882499695e-05
2.32117176056e-05
2.31765508652e-05
2.32050418854e-05
2.31935977936e-05
2.31940746307e-05
2.31971740723e-05
2.32449769974e-05
2.32443809509e-05
2.32564210892e-05
2.33097076416e-05
2.32762098312e-05
2.32728719711e-05
2.3298740387e-05
2.32226848602e-05
2.32547521591e-05
2.32858657837e-05
2.32464075089e-05
2.32619047165e-05
2.31924057007e-05
2.31848955154e-05
2.31703519821e-05
2.31949090958e-05
2.32675075531e-05
2.32449769974e-05
2.41359472275e-05
2.34397649765e-05
2.32939720154e-05
2.32437849045e-05
2.3205280304e-05
2.32247114182e-05
2.33284235001e-05
2.32789516449e-05
2.34761238098e-05
2.32833623886e-05
2.32759714127e-05
2.33170986176e-05
2.32754945755e-05
2.33021974564e-05
2.33286619186e-05
2.3249745369e-05
2.32288837433e-05
2.31459140778e-05
2.31668949127e-05
2.32161283493e-05
2.3219704628e-05
2.32962369919e-05
2.32772827148e-05
2.32493877411e-05
2.37874984741e-05
2.33337879181e-05
2.32654809952e-05
2.32616662979e-05
2.3361325264e-05
2.33056545258e-05
2.32946872711e-05
2.3267865181e-05
2.33997106552e-05
2.32846736908e-05
2.32689380646e-05
2.34277248383e-05
2.32739448547e-05
2.33852863312e-05
2.3330450058e-05
2.33174562454e-05
2.32328176498e-05
2.319419384e-05
2.32293605804e-05
2.32305526733e-05
2.32340097427e-05
2.33553647995e-05
2.32983827591e-05
2.3733496666e-05
2.32229232788e-05
2.33724117279e-05
2.33083963394e-05
2.33587026596e-05
2.33223438263e-05
2.33232975006e-05
2.32883691788e-05
2.3401260376e-05
2.32644081116e-05
2.32841968536e-05
2.32285261154e-05
2.32968330383e-05
2.325963974e-05
2.46914625168e-05
2.4325966835e-05
2.35390663147e-05
2.33038663864e-05
2.32877731323e-05
2.3650765419e-05
2.32759714127e-05
2.32627391815e-05
2.32384204865e-05
2.40452289581e-05
2.39967107773e-05
2.34444141388e-05
2.56795883179e-05
2.54006385803e-05
2.49011516571e-05
2.52312421799e-05
2.44510173798e-05
2.3906826973e-05
2.43103504181e-05
2.41415500641e-05
2.38922834396e-05
2.37832069397e-05
2.38887071609e-05
2.49487161636e-05
2.47037410736e-05
2.35631465912e-05
2.39806175232e-05
2.34375e-05
2.34694480896e-05
2.33851671219e-05
2.33579874039e-05
2.34847068787e-05
2.33892202377e-05
2.32853889465e-05
2.45674848557e-05
2.3379445076e-05
2.33033895493e-05
2.33188867569e-05
2.32388973236e-05
2.32852697372e-05
2.32939720154e-05
2.32528448105e-05
2.36102342606e-05
2.35254764557e-05
2.33799219131e-05
2.32583284378e-05
2.32480764389e-05
2.32449769974e-05
2.33379602432e-05
2.3304104805e-05
2.32571363449e-05
2.32747793198e-05
2.32754945755e-05
2.33072042465e-05
2.32790708542e-05
2.32945680618e-05
2.49786376953e-05
2.33449935913e-05
2.33882665634e-05
2.33231782913e-05
2.33509540558e-05
2.33165025711e-05
2.33347415924e-05
2.33523845673e-05
2.34600305557e-05
2.35283374786e-05
2.33612060547e-05
2.32827663422e-05
2.3341178894e-05
2.35887765884e-05
2.39785909653e-05
2.40364074707e-05
2.35028266907e-05
2.34298706055e-05
2.34305858612e-05
2.33873128891e-05
2.35208272934e-05
2.34752893448e-05
2.35276222229e-05
2.48807668686e-05
2.34538316727e-05
2.34580039978e-05
2.34266519547e-05
2.35463380814e-05
2.34180688858e-05
2.34050750732e-05
2.34037637711e-05
2.36495733261e-05
2.36079692841e-05
2.35756635666e-05
2.35244035721e-05
2.35061645508e-05
2.34836339951e-05
2.36775875092e-05
2.33918428421e-05
2.33585834503e-05
2.3398399353e-05
2.33234167099e-05
2.33092308044e-05
2.33833789825e-05
2.34760046005e-05
2.48972177505e-05
2.35604047775e-05
2.3381114006e-05
2.35064029694e-05
2.32989788055e-05
2.33159065247e-05
2.33241319656e-05
2.33602523804e-05
2.33795642853e-05
2.37346887589e-05
2.3485660553e-05
2.35699415207e-05
2.35129594803e-05
2.34525203705e-05
2.34336853027e-05
2.33728885651e-05
2.3401260376e-05
2.33687162399e-05
2.33285427094e-05
2.34969854355e-05
2.36004590988e-05
2.33581066132e-05
2.32659578323e-05
2.45122909546e-05
2.33548879623e-05
2.34043598175e-05
2.33293771744e-05
2.34109163284e-05
2.34378576279e-05
2.346098423e-05
2.34133005142e-05
2.46090888977e-05
2.40507125854e-05
2.43648290634e-05
2.3977637291e-05
2.34118700027e-05
2.33362913132e-05
2.3339509964e-05
2.32945680618e-05
2.33316421509e-05
2.37349271774e-05
2.35370397568e-05
2.47416496277e-05
2.32815742493e-05
2.67697572708e-05
2.35781669617e-05
2.34876871109e-05
2.33863592148e-05
2.33372449875e-05
2.3451089859e-05
2.34599113464e-05
2.35217809677e-05
2.34677791595e-05
2.37944126129e-05
2.35919952393e-05
2.33316421509e-05
2.3307800293e-05
2.33330726624e-05
2.3312330246e-05
2.35852003098e-05
2.33322381973e-05
2.32909917831e-05
2.32772827148e-05
2.33300924301e-05
2.33207941055e-05
2.32830047607e-05
2.33114957809e-05
2.32857465744e-05
2.47449874878e-05
2.35195159912e-05
2.33836174011e-05
2.33471393585e-05
2.33221054077e-05
2.33088731766e-05
2.33070850372e-05
2.33019590378e-05
2.33491659164e-05
2.33471393585e-05
2.33601331711e-05
2.3580789566e-05
2.34282016754e-05
2.34274864197e-05
2.33416557312e-05
2.33762264252e-05
2.33165025711e-05
2.33170986176e-05
2.32993364334e-05
2.33037471771e-05
2.33151912689e-05
2.33336687088e-05
2.33490467072e-05
2.33112573624e-05
2.54007577896e-05
2.34991312027e-05
2.35229730606e-05
2.34550237656e-05
2.34467983246e-05
2.34171152115e-05
2.34016180038e-05
2.35066413879e-05
2.35921144485e-05
2.4022102356e-05
2.43990421295e-05
2.3521900177e-05
2.33607292175e-05
2.34858989716e-05
2.3640871048e-05
2.35769748688e-05
2.34018564224e-05
2.34163999557e-05
2.33318805695e-05
2.33714580536e-05
2.34051942825e-05
2.34622955322e-05
2.35065221786e-05
2.47052907944e-05
2.34619379044e-05
2.35422849655e-05
2.3533821106e-05
2.34777927399e-05
2.34719514847e-05
2.35177278519e-05
2.3569226265e-05
2.37387418747e-05
2.34632492065e-05
2.34764814377e-05
2.34581232071e-05
2.34485864639e-05
2.35631465912e-05
2.36502885818e-05
2.34042406082e-05
2.34327316284e-05
2.33528614044e-05
2.33502388e-05
2.34268903732e-05
2.34693288803e-05
2.33608484268e-05
2.51128673553e-05
2.33939886093e-05
2.34631299973e-05
2.34160423279e-05
2.34050750732e-05
2.34761238098e-05
2.34593153e-05
2.34340429306e-05
2.35865116119e-05
2.35462188721e-05
2.34272480011e-05
2.34355926514e-05
2.33874320984e-05
2.35759019852e-05
2.36210823059e-05
2.34065055847e-05
2.33685970306e-05
2.33620405197e-05
2.33843326569e-05
2.34471559525e-05
2.33981609344e-05
2.33379602432e-05
2.52771377563e-05
2.35944986343e-05
2.3414850235e-05
2.34113931656e-05
2.35303640366e-05
2.36569643021e-05
2.3805975914e-05
2.34581232071e-05
2.34940052032e-05
2.36254930496e-05
2.35912799835e-05
2.34707593918e-05
2.34124660492e-05
2.34260559082e-05
2.36736536026e-05
2.35866308212e-05
2.33708620071e-05
2.33789682388e-05
2.34344005585e-05
2.33680009842e-05
2.33936309814e-05
2.33980417252e-05
2.34196186066e-05
2.50331163406e-05
2.33951807022e-05
2.34880447388e-05
2.35388278961e-05
2.4320602417e-05
2.45831012726e-05
2.56249904633e-05
2.35064029694e-05
2.47491598129e-05
2.35729217529e-05
2.4027466774e-05
2.49214172363e-05
2.35837697983e-05
2.33638286591e-05
2.34775543213e-05
2.38326787949e-05
2.33309268951e-05
2.35685110092e-05
2.33451128006e-05
2.39033699036e-05
2.3278594017e-05
2.34088897705e-05
2.35621929169e-05
2.34441757202e-05
2.34316587448e-05
2.47123241425e-05
2.34006643295e-05
2.33863592148e-05
2.34009027481e-05
2.35214233398e-05
2.34566926956e-05
2.3432135582e-05
2.34224796295e-05
2.36439704895e-05
2.3589015007e-05
2.37619876862e-05
2.35667228699e-05
2.35819816589e-05
2.35902070999e-05
2.38264799118e-05
2.35040187836e-05
2.34508514404e-05
2.34093666077e-05
2.33891010284e-05
2.33714580536e-05
2.35462188721e-05
2.35013961792e-05
2.37692594528e-05
2.37630605698e-05
2.34669446945e-05
2.35042572021e-05
2.34881639481e-05
2.35028266907e-05
2.34770774841e-05
2.34404802322e-05
2.35787630081e-05
2.35729217529e-05
2.36396789551e-05
2.35497951508e-05
2.34575271606e-05
2.35887765884e-05
2.36703157425e-05
2.35575437546e-05
2.33964920044e-05
2.33618021011e-05
2.33449935913e-05
2.34391689301e-05
2.34711170197e-05
2.34906673431e-05
2.3430109024e-05
2.45814323425e-05
2.34290361404e-05
2.33471393585e-05
2.33622789383e-05
2.33683586121e-05
2.34241485596e-05
2.34305858612e-05
2.3387670517e-05
2.35576629639e-05
2.36573219299e-05
2.3414850235e-05
2.33625173569e-05
2.33367681503e-05
2.35438346863e-05
2.365899086e-05
2.34746932983e-05
2.3427605629e-05
2.34398841858e-05
2.34775543213e-05
2.34739780426e-05
2.35234498978e-05
2.35694646835e-05
2.34795808792e-05
2.35123634338e-05
2.34256982803e-05
2.34431028366e-05
2.34450101852e-05
2.35316753387e-05
2.33908891678e-05
2.34920978546e-05
2.33994722366e-05
2.36141681671e-05
2.37706899643e-05
2.3579120636e-05
2.35568284988e-05
2.35707759857e-05
2.36803293228e-05
2.37857103348e-05
2.4037361145e-05
2.36631631851e-05
2.35441923141e-05
2.34867334366e-05
2.34670639038e-05
2.34930515289e-05
2.35351324081e-05
2.35538482666e-05
2.34376192093e-05
2.38082408905e-05
2.35738754272e-05
2.34884023666e-05
2.34479904175e-05
2.34394073486e-05
2.34742164612e-05
2.34360694885e-05
2.34091281891e-05
2.3458480835e-05
2.37480401993e-05
2.35553979874e-05
2.34071016312e-05
2.34018564224e-05
2.34460830688e-05
2.37393379211e-05
2.34147310257e-05
2.34285593033e-05
2.33942270279e-05
2.34837532043e-05
2.33962535858e-05
2.33952999115e-05
2.34047174454e-05
2.34589576721e-05
2.48639583588e-05
2.34967470169e-05
2.35728025436e-05
2.34706401825e-05
2.35402584076e-05
2.34221220016e-05
2.34246253967e-05
2.34702825546e-05
2.35719680786e-05
2.36150026321e-05
2.34240293503e-05
2.34190225601e-05
2.34969854355e-05
2.36445665359e-05
2.34830379486e-05
2.34216451645e-05
2.35576629639e-05
2.34829187393e-05
2.3451089859e-05
2.34966278076e-05
2.3472905159e-05
2.34678983688e-05
2.34887599945e-05
2.34586000443e-05
2.3458480835e-05
2.35236883163e-05
2.34707593918e-05
2.3469209671e-05
2.35023498535e-05
2.35270261765e-05
2.34817266464e-05
2.3653626442e-05
2.34371423721e-05
2.35389471054e-05
2.35596895218e-05
2.35084295273e-05
2.36965417862e-05
2.34895944595e-05
2.34874486923e-05
2.34632492065e-05
2.34458446503e-05
2.34709978104e-05
2.35866308212e-05
2.35171318054e-05
2.34800577164e-05
2.35246419907e-05
2.37070322037e-05
2.35146284103e-05
2.34706401825e-05
2.34943628311e-05
2.35071182251e-05
2.35686302185e-05
2.34718322754e-05
2.35048532486e-05
2.3700594902e-05
2.35714912415e-05
2.34628915787e-05
2.34807729721e-05
2.37284898758e-05
2.36442089081e-05
2.3493885994e-05
2.34509706497e-05
2.34402418137e-05
2.34919786453e-05
2.34757661819e-05
2.34960317612e-05
2.34541893005e-05
2.34911441803e-05
2.35294103622e-05
2.35141515732e-05
2.35155820847e-05
2.3534655571e-05
2.3585319519e-05
2.34884023666e-05
2.34974622726e-05
2.34785079956e-05
2.38387584686e-05
2.35115289688e-05
2.35335826874e-05
2.3498415947e-05
2.39723920822e-05
2.35161781311e-05
2.34626531601e-05
2.34318971634e-05
2.34776735306e-05
2.34736204147e-05
2.34613418579e-05
2.37039327621e-05
2.35502719879e-05
2.36587524414e-05
2.34233140945e-05
2.39659547806e-05
2.3543715477e-05
2.35747098923e-05
2.34982967377e-05
2.35298871994e-05
2.35263109207e-05
2.35970020294e-05
2.34965085983e-05
2.35676765442e-05
2.37135887146e-05
2.35757827759e-05
2.34459638596e-05
2.35413312912e-05
2.36726999283e-05
2.36092805862e-05
2.35619544983e-05
2.34632492065e-05
2.34832763672e-05
2.34794616699e-05
2.35259532928e-05
2.35327482224e-05
2.34882831573e-05
2.48888731003e-05
2.36531496048e-05
2.35153436661e-05
2.34775543213e-05
2.34597921371e-05
2.3583650589e-05
2.34836339951e-05
2.34923362732e-05
2.3544549942e-05
2.37472057343e-05
2.3574590683e-05
2.35266685486e-05
2.34808921814e-05
2.35627889633e-05
2.37989425659e-05
2.36015319824e-05
2.3456454277e-05
2.3446559906e-05
2.352643013e-05
2.34595537186e-05
2.35985517502e-05
2.34570503235e-05
2.34028100967e-05
2.35520601273e-05
2.34209299088e-05
2.35742330551e-05
2.35605239868e-05
2.34886407852e-05
2.35933065414e-05
2.35419273376e-05
2.34699249268e-05
2.36165523529e-05
2.37439870834e-05
2.36393213272e-05
2.3451089859e-05
2.34714746475e-05
2.36814022064e-05
2.36438512802e-05
2.34863758087e-05
2.34702825546e-05
2.34543085098e-05
2.34823226929e-05
2.35073566437e-05
2.3472070694e-05
2.34570503235e-05
2.46982574463e-05
2.35818624496e-05
2.35576629639e-05
2.35434770584e-05
2.3484826088e-05
2.35103368759e-05
2.3525595665e-05
2.34649181366e-05
2.35978364944e-05
2.37438678741e-05
2.35061645508e-05
2.37137079239e-05
2.35539674759e-05
2.36476659775e-05
2.36812829971e-05
2.36065387726e-05
2.34208106995e-05
2.33750343323e-05
2.33789682388e-05
2.34233140945e-05
2.34847068787e-05
2.348279953e-05
2.34175920486e-05
2.4773478508e-05
2.3530960083e-05
2.34972238541e-05
2.34837532043e-05
2.34515666962e-05
2.34254598618e-05
2.34773159027e-05
2.3449420929e-05
2.3543715477e-05
2.37109661102e-05
2.35127210617e-05
2.34727859497e-05
2.34783887863e-05
2.35596895218e-05
2.40497589111e-05
2.36486196518e-05
2.40380764008e-05
2.3361325264e-05
2.34040021896e-05
2.33690738678e-05
2.3423910141e-05
2.3584485054e-05
2.34911441803e-05
2.34791040421e-05
2.48976945877e-05
2.34862565994e-05
2.3428440094e-05
2.34050750732e-05
2.34495401382e-05
2.33783721924e-05
2.33842134476e-05
2.33523845673e-05
2.34477519989e-05
2.33718156815e-05
2.45651006699e-05
2.35614776611e-05
2.34832763672e-05
2.35513448715e-05
2.38833427429e-05
2.37321853638e-05
2.34888792038e-05
2.34981775284e-05
2.34763622284e-05
2.34924554825e-05
2.34988927841e-05
2.34926939011e-05
2.35320329666e-05
2.40180492401e-05
2.35494375229e-05
2.34867334366e-05
2.35065221786e-05
2.34042406082e-05
2.34565734863e-05
2.34047174454e-05
2.34006643295e-05
2.35073566437e-05
2.36883163452e-05
2.3470044136e-05
2.34783887863e-05
2.357172966e-05
2.39591598511e-05
2.36266851425e-05
2.37690210342e-05
2.34794616699e-05
2.34886407852e-05
2.35348939896e-05
2.35403776169e-05
2.37176418304e-05
2.36133337021e-05
2.47094631195e-05
2.36220359802e-05
2.35502719879e-05
2.35884189606e-05
2.35778093338e-05
2.34793424606e-05
2.3561000824e-05
2.35533714294e-05
2.35983133316e-05
2.3720741272e-05
2.37832069397e-05
2.36957073212e-05
2.35681533813e-05
2.37907171249e-05
2.34869718552e-05
2.36098766327e-05
2.38329172134e-05
2.37773656845e-05
2.35407352448e-05
2.35279798508e-05
2.3558139801e-05
2.35040187836e-05
2.36419439316e-05
2.35633850098e-05
2.35381126404e-05
2.43422985077e-05
2.35875844955e-05
2.34746932983e-05
2.3512005806e-05
2.35062837601e-05
2.34605073929e-05
2.34540700912e-05
2.34748125076e-05
2.35248804092e-05
2.3993730545e-05
2.36579179764e-05
2.35311985016e-05
2.34887599945e-05
2.3583650589e-05
2.34944820404e-05
2.33931541443e-05
2.33774185181e-05
2.33738422394e-05
2.34198570251e-05
2.34260559082e-05
2.34389305115e-05
2.33938694e-05
2.34521627426e-05
2.3787021637e-05
2.34999656677e-05
2.35546827316e-05
2.35449075699e-05
2.34975814819e-05
2.42713689804e-05
2.34816074371e-05
2.35315561295e-05
2.35425233841e-05
2.36041545868e-05
2.37257480621e-05
2.3743391037e-05
2.35425233841e-05
2.36374139786e-05
2.38114595413e-05
2.3736000061e-05
2.34764814377e-05
2.35230922699e-05
2.35139131546e-05
2.36179828644e-05
2.35944986343e-05
2.35399007797e-05
2.41775512695e-05
2.42125988007e-05
2.35390663147e-05
2.3516535759e-05
2.35161781311e-05
2.34903097153e-05
2.35443115234e-05
2.34705209732e-05
2.35333442688e-05
2.35960483551e-05
2.37395763397e-05
2.3585319519e-05
2.35768556595e-05
2.35747098923e-05
2.37268209457e-05
2.3655295372e-05
2.34785079956e-05
2.34789848328e-05
2.34885215759e-05
2.34500169754e-05
2.35129594803e-05
2.35176086426e-05
2.34749317169e-05
2.54235267639e-05
2.35872268677e-05
2.35456228256e-05
2.35298871994e-05
2.35188007355e-05
2.34810113907e-05
2.34744548798e-05
2.34887599945e-05
2.3638010025e-05
2.37143039703e-05
2.35471725464e-05
2.37013101578e-05
2.35641002655e-05
2.37028598785e-05
2.36765146255e-05
2.37609148026e-05
2.35966444016e-05
2.35497951508e-05
2.35086679459e-05
2.35955715179e-05
2.35409736633e-05
2.36874818802e-05
2.35611200333e-05
2.35868692398e-05
2.40755081177e-05
2.36307382584e-05
2.3570895195e-05
2.35409736633e-05
2.36971378326e-05
2.36468315125e-05
2.36560106277e-05
2.35291719437e-05
2.35687494278e-05
2.37628221512e-05
2.37576961517e-05
2.3605465889e-05
2.35806703568e-05
2.36345529556e-05
2.37735509872e-05
2.35850811005e-05
2.35178470612e-05
2.34988927841e-05
2.35854387283e-05
2.3505449295e-05
2.35593318939e-05
2.37702131271e-05
2.35271453857e-05
2.35112905502e-05
2.41713523865e-05
2.34781503677e-05
2.36055850983e-05
2.36864089966e-05
2.36158370972e-05
2.35466957092e-05
2.35538482666e-05
2.37307548523e-05
2.36253738403e-05
2.38004922867e-05
2.35776901245e-05
2.35286951065e-05
2.35992670059e-05
2.35818624496e-05
2.36792564392e-05
2.34740972519e-05
2.34671831131e-05
2.3491024971e-05
2.35041379929e-05
2.35127210617e-05
2.3561000824e-05
2.35188007355e-05
2.35393047333e-05
2.45462656021e-05
2.35830545425e-05
2.36256122589e-05
2.40272283554e-05
2.36287117004e-05
2.36386060715e-05
2.36284732819e-05
2.36208438873e-05
2.36909389496e-05
2.37193107605e-05
2.35847234726e-05
2.36772298813e-05
2.35041379929e-05
2.36628055573e-05
2.3436665535e-05
2.34739780426e-05
2.3465514183e-05
2.34481096268e-05
2.34221220016e-05
2.3470044136e-05
2.34644412994e-05
2.69130468369e-05
2.38788127899e-05
2.35513448715e-05
2.3594379425e-05
2.36097574234e-05
2.36209630966e-05
2.35375165939e-05
2.35015153885e-05
2.35103368759e-05
2.60059833527e-05
2.47131586075e-05
2.35997438431e-05
2.35857963562e-05
2.36113071442e-05
2.38310098648e-05
2.37030982971e-05
2.3596405983e-05
2.35381126404e-05
2.35249996185e-05
2.35345363617e-05
2.38871574402e-05
2.35973596573e-05
2.35549211502e-05
2.41998434067e-05
2.36191749573e-05
2.36427783966e-05
2.36294269562e-05
2.36562490463e-05
2.36060619354e-05
2.35973596573e-05
2.35342979431e-05
2.36121416092e-05
2.37910747528e-05
2.35928297043e-05
2.35812664032e-05
2.3574590683e-05
2.38430500031e-05
2.37075090408e-05
2.36037969589e-05
2.35759019852e-05
2.35413312912e-05
2.35587358475e-05
2.36181020737e-05
2.3641705513e-05
2.35998630524e-05
2.61459350586e-05
2.38322019577e-05
2.37733125687e-05
2.37146615982e-05
2.36897468567e-05
2.37445831299e-05
2.36825942993e-05
2.37216949463e-05
2.38097906113e-05
2.38612890244e-05
2.37946510315e-05
2.37106084824e-05
2.3579120636e-05
2.36040353775e-05
2.4285197258e-05
2.36721038818e-05
2.35548019409e-05
2.35487222672e-05
2.35569477081e-05
2.36372947693e-05
2.35331058502e-05
2.35562324524e-05
2.35728025436e-05
2.36347913742e-05
2.41045951843e-05
2.35372781754e-05
2.36293077469e-05
2.37059593201e-05
2.3705124855e-05
2.36085653305e-05
2.35892534256e-05
2.35960483551e-05
2.37950086594e-05
2.39508152008e-05
2.3798584938e-05
2.37046480179e-05
2.36243009567e-05
2.38746404648e-05
2.3582816124e-05
2.36259698868e-05
2.36278772354e-05
2.35857963562e-05
2.36419439316e-05
2.36209630966e-05
2.36444473267e-05
2.36377716064e-05
2.36202478409e-05
2.36665010452e-05
2.37441062927e-05
2.37245559692e-05
2.36374139786e-05
2.35677957535e-05
2.3552775383e-05
2.35866308212e-05
2.35729217529e-05
2.36287117004e-05
2.38103866577e-05
2.36848592758e-05
2.37108469009e-05
2.49924659729e-05
2.3877620697e-05
2.374958992e-05
2.36321687698e-05
2.35805511475e-05
2.35706567764e-05
2.36222743988e-05
2.36467123032e-05
2.35946178436e-05
2.36245393753e-05
2.49499082565e-05
2.37033367157e-05
2.36612558365e-05
2.36554145813e-05
2.3610830307e-05
2.36556529999e-05
2.36043930054e-05
2.42047309875e-05
2.38027572632e-05
2.38822698593e-05
2.3672580719e-05
2.38063335419e-05
2.37302780151e-05
2.39626169205e-05
2.37294435501e-05
2.36610174179e-05
2.36548185349e-05
2.3640871048e-05
2.36525535583e-05
2.36111879349e-05
2.37264633179e-05
2.366065979e-05
2.38288640976e-05
2.36344337463e-05
2.36696004868e-05
2.36477851868e-05
2.36574411392e-05
2.36332416534e-05
2.37244367599e-05
2.36842632294e-05
2.37209796906e-05
2.40615606308e-05
2.38795280457e-05
2.38517522812e-05
2.37007141113e-05
2.38364934921e-05
2.38621234894e-05
2.37327814102e-05
2.36530303955e-05
2.36231088638e-05
2.36378908157e-05
2.36452817917e-05
2.36468315125e-05
2.36512422562e-05
2.36592292786e-05
2.36811637878e-05
2.35763788223e-05
2.36692428589e-05
2.36175060272e-05
2.35993862152e-05
2.3649930954e-05
2.36580371857e-05
2.36397981644e-05
2.37025022507e-05
2.38409042358e-05
2.37439870834e-05
2.37171649933e-05
2.3674249649e-05
2.39051580429e-05
2.41415500641e-05
2.3726940155e-05
2.36884355545e-05
2.36186981201e-05
2.36394405365e-05
2.36179828644e-05
2.36426591873e-05
2.36963033676e-05
2.36102342606e-05
2.47083902359e-05
2.38406658173e-05
2.36948728561e-05
2.3712515831e-05
2.36846208572e-05
2.36601829529e-05
2.36204862595e-05
2.3654460907e-05
2.36798524857e-05
2.38537788391e-05
2.38341093063e-05
2.37889289856e-05
2.36800909042e-05
2.37102508545e-05
2.38410234451e-05
2.36941576004e-05
2.36448049545e-05
2.3625254631e-05
2.36186981201e-05
2.36560106277e-05
2.36428976059e-05
2.36389636993e-05
2.36196517944e-05
2.46416330338e-05
2.3792386055e-05
2.36908197403e-05
2.36331224442e-05
2.36090421677e-05
2.36083269119e-05
2.36059427261e-05
2.36279964447e-05
2.36464738846e-05
2.39961147308e-05
2.37069129944e-05
2.38318443298e-05
2.37073898315e-05
2.37628221512e-05
2.38971710205e-05
2.36823558807e-05
2.36345529556e-05
2.36872434616e-05
2.36407518387e-05
2.36506462097e-05
2.36370563507e-05
2.36859321594e-05
2.36724615097e-05
2.36878395081e-05
2.36428976059e-05
2.36638784409e-05
2.36775875092e-05
2.36649513245e-05
2.36475467682e-05
2.36819982529e-05
2.3687005043e-05
2.37925052643e-05
2.38486528397e-05
2.37084627151e-05
2.36740112305e-05
2.37102508545e-05
2.38933563232e-05
2.37225294113e-05
2.36726999283e-05
2.36757993698e-05
2.36392021179e-05
2.36353874207e-05
2.361369133e-05
2.36489772797e-05
2.36374139786e-05
2.48237848282e-05
2.3796916008e-05
2.36271619797e-05
2.36699581146e-05
2.36649513245e-05
2.36756801605e-05
2.36458778381e-05
2.36294269562e-05
2.36082077026e-05
2.40278244019e-05
2.36374139786e-05
2.36027240753e-05
2.36506462097e-05
2.36010551453e-05
2.36523151398e-05
2.38388776779e-05
2.42656469345e-05
2.37160921097e-05
2.36797332764e-05
2.36186981201e-05
2.36403942108e-05
2.36444473267e-05
2.38502025604e-05
2.37439870834e-05
2.37311124802e-05
2.37319469452e-05
2.37183570862e-05
2.36548185349e-05
2.36712694168e-05
2.3770570755e-05
2.36841440201e-05
2.37154960632e-05
2.42911577225e-05
2.51525640488e-05
2.37729549408e-05
2.37379074097e-05
2.36845016479e-05
2.39593982697e-05
2.41584777832e-05
2.36866474152e-05
2.36715078354e-05
2.36577987671e-05
2.36904621124e-05
2.36514806747e-05
2.36719846725e-05
2.37139463425e-05
2.3756980896e-05
2.48416662216e-05
2.37749814987e-05
2.37069129944e-05
2.37903594971e-05
2.37144231796e-05
2.37212181091e-05
2.37710475922e-05
2.38070487976e-05
2.38245725632e-05
2.39251852036e-05
2.37305164337e-05
2.38362550735e-05
2.36848592758e-05
2.38991975784e-05
2.37559080124e-05
2.36847400665e-05
2.37015485764e-05
2.36191749573e-05
2.36107110977e-05
2.36916542053e-05
2.38997936249e-05
2.36696004868e-05
2.41482257843e-05
2.37326622009e-05
2.37478017807e-05
2.37030982971e-05
2.36877202988e-05
2.36675739288e-05
2.37703323364e-05
2.37028598785e-05
2.36842632294e-05
2.37805843353e-05
2.38827466965e-05
2.37811803818e-05
2.36526727676e-05
2.3685336113e-05
2.38720178604e-05
2.37216949463e-05
2.37879753113e-05
2.35788822174e-05
2.35874652863e-05
2.36934423447e-05
2.37507820129e-05
2.37247943878e-05
2.36440896988e-05
2.36201286316e-05
2.42376327515e-05
2.3558139801e-05
2.36542224884e-05
2.37621068954e-05
2.36827135086e-05
2.36188173294e-05
2.36160755157e-05
2.36166715622e-05
2.36389636993e-05
2.3726940155e-05
2.36629247665e-05
2.37574577332e-05
2.36991643906e-05
2.36574411392e-05
2.35854387283e-05
2.3579120636e-05
2.37172842026e-05
2.36299037933e-05
2.36285924911e-05
2.36140489578e-05
2.37222909927e-05
2.35600471497e-05
2.47178077698e-05
2.36710309982e-05
2.36803293228e-05
2.36653089523e-05
2.35948562622e-05
2.35724449158e-05
2.35661268234e-05
2.36444473267e-05
2.36878395081e-05
2.36780643463e-05
2.36659049988e-05
2.37113237381e-05
2.36335992813e-05
2.36365795135e-05
2.37753391266e-05
2.37897634506e-05
2.36731767654e-05
2.36337184906e-05
2.36120223999e-05
2.36743688583e-05
2.35986709595e-05
2.36427783966e-05
2.3653626442e-05
2.3673415184e-05
2.52678394318e-05
2.37956047058e-05
2.36569643021e-05
2.36525535583e-05
2.36793756485e-05
2.35915184021e-05
2.35913991928e-05
2.35812664032e-05
2.36923694611e-05
2.37226486206e-05
2.39806175232e-05
2.363717556e-05
2.37245559692e-05
2.43607759476e-05
2.37427949905e-05
2.36512422562e-05
2.36185789108e-05
2.36474275589e-05
2.35861539841e-05
2.3611664772e-05
2.36195325851e-05
2.36593484879e-05
2.40644216537e-05
2.37761735916e-05
2.36259698868e-05
2.37038135529e-05
2.35921144485e-05
3.25508117676e-05
2.74413824081e-05
2.46839523315e-05
2.46599912643e-05
2.37851142883e-05
2.47542858124e-05
2.47006416321e-05
2.37876176834e-05
2.50153541565e-05
2.60626077652e-05
2.48675346375e-05
2.37426757813e-05
2.37277746201e-05
2.3822426796e-05
2.55101919174e-05
2.46336460114e-05
2.45792865753e-05
2.37265825272e-05
2.47263908386e-05
2.47797966003e-05
2.53419876099e-05
2.53082513809e-05
2.38680839539e-05
2.43397951126e-05
2.56932973862e-05
2.46535539627e-05
2.47442722321e-05
2.5319814682e-05
2.38604545593e-05
2.38103866577e-05
2.39415168762e-05
2.36926078796e-05
2.36730575562e-05
2.35985517502e-05
2.37017869949e-05
2.3598074913e-05
2.35611200333e-05
2.36225128174e-05
2.37295627594e-05
2.3579955101e-05
2.36024856567e-05
2.35693454742e-05
2.36192941666e-05
2.36487388611e-05
2.3566365242e-05
2.35731601715e-05
2.36008167267e-05
2.37264633179e-05
2.36506462097e-05
2.35965251923e-05
2.36357450485e-05
2.36703157425e-05
2.35728025436e-05
2.35486030579e-05
2.35691070557e-05
2.36337184906e-05
2.36032009125e-05
2.35842466354e-05
2.37115621567e-05
2.36858129501e-05
2.37507820129e-05
2.36527919769e-05
2.49370336533e-05
2.37902402878e-05
2.37241983414e-05
2.36233472824e-05
2.36730575562e-05
2.36423015594e-05
2.42179632187e-05
2.36942768097e-05
2.36525535583e-05
2.37762928009e-05
2.37956047058e-05
2.37383842468e-05
2.36879587173e-05
2.37045288086e-05
2.38611698151e-05
2.37392187119e-05
2.43071317673e-05
2.37234830856e-05
2.37469673157e-05
2.37582921982e-05
2.36568450928e-05
2.37857103348e-05
2.38728523254e-05
2.38101482391e-05
2.37658023834e-05
2.37166881561e-05
2.36682891846e-05
2.37990617752e-05
2.37681865692e-05
2.37113237381e-05
2.36977338791e-05
2.37331390381e-05
2.3689031601e-05
2.37692594528e-05
2.3995757103e-05
2.3953795433e-05
2.37801074982e-05
2.38497257233e-05
2.39251852036e-05
2.3953795433e-05
2.37081050873e-05
2.36706733704e-05
2.36042737961e-05
2.3631811142e-05
2.45250463486e-05
2.3729801178e-05
2.3629784584e-05
2.41371393204e-05
2.36567258835e-05
2.36262083054e-05
2.36353874207e-05
2.36170291901e-05
2.37052440643e-05
2.36374139786e-05
2.36555337906e-05
2.38134860992e-05
2.58964300156e-05
2.41186618805e-05
2.38559246063e-05
2.36872434616e-05
2.37113237381e-05
2.37653255463e-05
2.36679315567e-05
2.37194299698e-05
2.36259698868e-05
2.36177444458e-05
2.35848426819e-05
2.36036777496e-05
2.35840082169e-05
2.36768722534e-05
2.40662097931e-05
2.36055850983e-05
2.36309766769e-05
2.37476825714e-05
2.37189531326e-05
2.3669719696e-05
2.3623585701e-05
2.36802101135e-05
2.36711502075e-05
2.36630439758e-05
2.37340927124e-05
2.36594676971e-05
2.40646600723e-05
2.37855911255e-05
2.45417356491e-05
2.3808836937e-05
2.39250659943e-05
2.37363576889e-05
2.36493349075e-05
2.36926078796e-05
2.38535404205e-05
2.37336158752e-05
2.36711502075e-05
2.36543416977e-05
2.37793922424e-05
2.36805677414e-05
2.36555337906e-05
2.36057043076e-05
2.36985683441e-05
2.36896276474e-05
2.36287117004e-05
2.3601770401e-05
2.37916707993e-05
2.37183570862e-05
2.3641705513e-05
2.36214399338e-05
2.37009525299e-05
2.37790346146e-05
2.36296653748e-05
2.36223936081e-05
2.36070156097e-05
2.37054824829e-05
2.37193107605e-05
2.36828327179e-05
2.36612558365e-05
2.37452983856e-05
2.36878395081e-05
2.49201059341e-05
2.36512422562e-05
2.36877202988e-05
2.38183736801e-05
2.37008333206e-05
2.37128734589e-05
2.36995220184e-05
2.37264633179e-05
2.37724781036e-05
2.39326953888e-05
2.4337053299e-05
2.36525535583e-05
2.35912799835e-05
2.35716104507e-05
2.35941410065e-05
2.36232280731e-05
2.35804319382e-05
2.35911607742e-05
2.37965583801e-05
2.36359834671e-05
2.36526727676e-05
2.46313810349e-05
2.3787021637e-05
2.37616300583e-05
2.37494707108e-05
2.36518383026e-05
2.36394405365e-05
2.36473083496e-05
2.36532688141e-05
2.35879421234e-05
2.37313508987e-05
2.36719846725e-05
2.36376523972e-05
2.36223936081e-05
2.36186981201e-05
2.37109661102e-05
2.37933397293e-05
2.36294269562e-05
2.36024856567e-05
2.36144065857e-05
2.3597240448e-05
2.36986875534e-05
2.36815214157e-05
2.36350297928e-05
2.36687660217e-05
2.37010717392e-05
2.36796140671e-05
2.37166881561e-05
2.36713886261e-05
2.37085819244e-05
2.36572027206e-05
2.36448049545e-05
2.37447023392e-05
2.37419605255e-05
2.37418413162e-05
2.3774266243e-05
2.37771272659e-05
2.38227844238e-05
2.37746238708e-05
2.37587690353e-05
2.36558914185e-05
2.36434936523e-05
2.36068964005e-05
2.36049890518e-05
2.36614942551e-05
2.37715244293e-05
2.36772298813e-05
2.41951942444e-05
2.37584114075e-05
2.36937999725e-05
2.37163305283e-05
2.36998796463e-05
2.36506462097e-05
2.36409902573e-05
2.36660242081e-05
2.36567258835e-05
2.38032341003e-05
2.3713350296e-05
2.37854719162e-05
2.36442089081e-05
2.36991643906e-05
2.3703455925e-05
2.37839221954e-05
2.36961841583e-05
2.36057043076e-05
2.35713720322e-05
2.3587346077e-05
2.36437320709e-05
2.36753225327e-05
2.36983299255e-05
2.49464511871e-05
2.38431692123e-05
2.3709654808e-05
2.3760676384e-05
2.36829519272e-05
2.37566232681e-05
2.36835479736e-05
2.37201452255e-05
2.36439704895e-05
2.38550901413e-05
2.37576961517e-05
2.39443778992e-05
2.37082242966e-05
2.38527059555e-05
2.37452983856e-05
2.37692594528e-05
2.36735343933e-05
2.3766040802e-05
2.36983299255e-05
2.54689455032e-05
2.73243188858e-05
2.37891674042e-05
2.38505601883e-05
2.37159729004e-05
2.55889892578e-05
2.39032506943e-05
2.36432552338e-05
2.36313343048e-05
2.36511230469e-05
2.36657857895e-05
2.36746072769e-05
2.36597061157e-05
2.36446857452e-05
2.38748788834e-05
2.37208604813e-05
2.37512588501e-05
2.36395597458e-05
2.37879753113e-05
2.37712860107e-05
2.36061811447e-05
2.36005783081e-05
2.3711681366e-05
2.36705541611e-05
2.37083435059e-05
2.37646102905e-05
2.37240791321e-05
2.36747264862e-05
2.36541032791e-05
2.37154960632e-05
2.37350463867e-05
2.37203836441e-05
2.37573385239e-05
2.36668586731e-05
2.37126350403e-05
2.36667394638e-05
2.37873792648e-05
2.37210988998e-05
2.46030092239e-05
2.3893237114e-05
2.38382816315e-05
2.38583087921e-05
2.38969326019e-05
2.38270759583e-05
2.37993001938e-05
2.3783326149e-05
2.37823724747e-05
2.3777961731e-05
2.38575935364e-05
2.37554311752e-05
2.53806114197e-05
2.388048172e-05
2.37821340561e-05
2.38482952118e-05
2.37337350845e-05
2.36830711365e-05
2.3716211319e-05
2.37364768982e-05
2.36964225769e-05
2.38437652588e-05
2.37472057343e-05
2.38304138184e-05
2.3709654808e-05
2.3700594902e-05
2.38885879517e-05
2.36524343491e-05
2.35984325409e-05
2.36370563507e-05
2.36619710922e-05
2.36998796463e-05
2.37097740173e-05
2.36783027649e-05
2.45094299316e-05
2.37646102905e-05
2.37228870392e-05
2.37163305283e-05
2.36656665802e-05
2.36508846283e-05
2.3673415184e-05
2.36600637436e-05
2.36804485321e-05
2.38029956818e-05
2.3729801178e-05
2.37461328506e-05
2.38375663757e-05
2.37573385239e-05
2.38540172577e-05
2.37549543381e-05
2.36715078354e-05
2.3686170578e-05
2.36965417862e-05
2.36880779266e-05
2.36513614655e-05
2.37280130386e-05
2.38147974014e-05
2.37143039703e-05
2.37103700638e-05
2.36657857895e-05
2.36365795135e-05
2.36594676971e-05
2.36965417862e-05
2.36959457397e-05
2.36542224884e-05
2.39452123642e-05
2.37711668015e-05
2.37617492676e-05
2.37486362457e-05
2.37665176392e-05
2.38461494446e-05
2.3881316185e-05
2.40658521652e-05
2.37560272217e-05
2.37619876862e-05
2.37276554108e-05
2.37164497375e-05
2.3773431778e-05
2.37782001495e-05
2.36891508102e-05
2.57773399353e-05
2.38291025162e-05
2.3698091507e-05
2.37174034119e-05
2.37339735031e-05
2.37010717392e-05
2.37646102905e-05
2.3752450943e-05
2.37649679184e-05
2.38661766052e-05
2.38535404205e-05
2.37003564835e-05
2.37087011337e-05
2.37212181091e-05
2.38163471222e-05
2.37989425659e-05
2.36847400665e-05
2.36660242081e-05
2.36854553223e-05
2.36842632294e-05
2.38004922867e-05
2.37596035004e-05
2.36965417862e-05
2.37036943436e-05
2.37315893173e-05
2.37599611282e-05
2.37797498703e-05
2.37667560577e-05
2.38008499146e-05
2.3929476738e-05
2.38953828812e-05
2.37110853195e-05
2.38457918167e-05
2.37845182419e-05
2.37628221512e-05
2.37137079239e-05
2.37528085709e-05
2.37994194031e-05
2.38137245178e-05
2.36787796021e-05
2.37544775009e-05
2.3634314537e-05
2.36321687698e-05
2.3609995842e-05
2.36879587173e-05
2.36546993256e-05
2.42040157318e-05
2.37523317337e-05
2.36914157867e-05
2.37764120102e-05
2.37737894058e-05
2.3751616478e-05
2.3798584938e-05
2.37566232681e-05
2.37058401108e-05
2.37830877304e-05
2.37945318222e-05
2.37598419189e-05
2.36775875092e-05
2.37057209015e-05
2.37184762955e-05
2.39524841309e-05
2.37830877304e-05
2.37151384354e-05
2.37166881561e-05
2.37401723862e-05
2.3714184761e-05
2.37003564835e-05
2.37190723419e-05
2.50413417816e-05
2.50973701477e-05
2.38904953003e-05
2.39416360855e-05
2.40006446838e-05
2.40845680237e-05
2.39750146866e-05
2.39964723587e-05
2.40706205368e-05
2.457010746e-05
2.41242647171e-05
2.40617990494e-05
2.39762067795e-05
2.40432024002e-05
2.4049282074e-05
2.39893198013e-05
2.38958597183e-05
2.39316225052e-05
2.38169431686e-05
2.3868560791e-05
2.38567590714e-05
2.39437818527e-05
2.39911079407e-05
2.50641107559e-05
2.38964557648e-05
2.39633321762e-05
2.38974094391e-05
2.42887735367e-05
2.45970487595e-05
2.38764286041e-05
2.38615274429e-05
2.38863229752e-05
2.39450931549e-05
2.3952126503e-05
2.40688323975e-05
2.39791870117e-05
2.39260196686e-05
2.39343643188e-05
2.38741636276e-05
2.38027572632e-05
2.38001346588e-05
2.37600803375e-05
2.38411426544e-05
2.38649845123e-05
2.38993167877e-05
2.38293409348e-05
2.50512361526e-05
2.39338874817e-05
2.38170623779e-05
2.38262414932e-05
2.38667726517e-05
2.3978471756e-05
2.38634347916e-05
2.38270759583e-05
2.3876786232e-05
2.40668058395e-05
2.40641832352e-05
2.40137577057e-05
2.38106250763e-05
2.38748788834e-05
2.38652229309e-05
2.38265991211e-05
2.38182544708e-05
2.38775014877e-05
2.38230228424e-05
2.38242149353e-05
2.38355398178e-05
2.3900270462e-05
2.39508152008e-05
2.3810505867e-05
2.38313674927e-05
2.38364934921e-05
2.38801240921e-05
2.38056182861e-05
2.37700939178e-05
2.38316059113e-05
2.38827466965e-05
2.37964391708e-05
2.37658023834e-05
2.37222909927e-05
2.38732099533e-05
2.38319635391e-05
2.37642526627e-05
2.37855911255e-05
2.38589048386e-05
2.37209796906e-05
2.37331390381e-05
2.37512588501e-05
2.38039493561e-05
2.37544775009e-05
2.46387720108e-05
2.38633155823e-05
2.38919258118e-05
2.39926576614e-05
2.39487886429e-05
2.38580703735e-05
2.38710641861e-05
2.39025354385e-05
2.38485336304e-05
2.40870714188e-05
2.40564346313e-05
2.39669084549e-05
2.40226984024e-05
2.38859653473e-05
2.38591432571e-05
2.41189002991e-05
2.38115787506e-05
2.38173007965e-05
2.38790512085e-05
2.3881316185e-05
2.44207382202e-05
2.39387750626e-05
2.38626003265e-05
2.48823165894e-05
2.40234136581e-05
2.39861011505e-05
2.39366292953e-05
2.39717960358e-05
2.40629911423e-05
2.39448547363e-05
2.39338874817e-05
2.39634513855e-05
2.42556333542e-05
2.39707231522e-05
2.37354040146e-05
2.37621068954e-05
2.38120555878e-05
2.38183736801e-05
2.38718986511e-05
2.37579345703e-05
2.37641334534e-05
2.37413644791e-05
2.36972570419e-05
2.36803293228e-05
2.37511396408e-05
2.36946344376e-05
2.37143039703e-05
2.45829820633e-05
2.38993167877e-05
2.38089561462e-05
2.37085819244e-05
2.37038135529e-05
2.38702297211e-05
2.38099098206e-05
2.36716270447e-05
2.36921310425e-05
2.38026380539e-05
2.38740444183e-05
2.37290859222e-05
2.36984491348e-05
2.37265825272e-05
2.39404439926e-05
2.37619876862e-05
2.37585306168e-05
2.37461328506e-05
2.38202810287e-05
2.38306522369e-05
2.38143205643e-05
2.37795114517e-05
2.38115787506e-05
2.53423452377e-05
2.37976312637e-05
2.37568616867e-05
2.38271951675e-05
2.38953828812e-05
2.37926244736e-05
2.37529277802e-05
2.37694978714e-05
2.38137245178e-05
2.38678455353e-05
2.37988233566e-05
2.38618850708e-05
2.39921808243e-05
2.39015817642e-05
2.3878455162e-05
2.38633155823e-05
2.397108078e-05
2.38401889801e-05
2.39187479019e-05
2.38757133484e-05
2.39571332932e-05
2.38893032074e-05
2.42377519608e-05
2.3895740509e-05
2.3900270462e-05
2.41814851761e-05
2.38769054413e-05
2.39199399948e-05
2.38455533981e-05
2.38667726517e-05
2.38852500916e-05
2.38602161407e-05
2.38335132599e-05
2.41349935532e-05
2.39450931549e-05
2.3863196373e-05
2.38909721375e-05
2.39936113358e-05
2.37965583801e-05
2.38243341446e-05
2.38242149353e-05
2.39088535309e-05
2.37618684769e-05
2.3940205574e-05
2.38168239594e-05
2.38417387009e-05
2.38717794418e-05
2.38535404205e-05
2.38301753998e-05
2.38107442856e-05
2.38696336746e-05
2.38344669342e-05
2.38395929337e-05
2.39472389221e-05
2.39802598953e-05
2.39645242691e-05
2.39025354385e-05
2.38717794418e-05
2.39653587341e-05
2.39458084106e-05
2.40079164505e-05
2.39142179489e-05
2.40017175674e-05
2.38355398178e-05
2.38263607025e-05
2.37704515457e-05
2.37760543823e-05
2.3903131485e-05
2.40759849548e-05
2.42911577225e-05
2.3909330368e-05
2.38745212555e-05
2.39442586899e-05
2.39708423615e-05
2.38828659058e-05
2.3942232132e-05
2.39716768265e-05
2.46524810791e-05
2.42136716843e-05
2.4071097374e-05
2.41017341614e-05
2.39508152008e-05
2.38304138184e-05
2.45015621185e-05
2.39336490631e-05
2.39156484604e-05
2.38741636276e-05
2.40111351013e-05
2.40323543549e-05
2.38790512085e-05
2.38275527954e-05
2.66833305359e-05
2.41944789886e-05
2.40513086319e-05
2.40793228149e-05
2.40292549133e-05
2.40790843964e-05
2.41439342499e-05
2.40536928177e-05
2.41657495499e-05
2.44286060333e-05
2.41369009018e-05
2.39700078964e-05
2.39567756653e-05
2.39721536636e-05
2.40461826324e-05
2.40539312363e-05
2.39417552948e-05
2.39908695221e-05
2.39320993423e-05
2.40021944046e-05
2.39589214325e-05
2.40401029587e-05
2.3951292038e-05
2.39520072937e-05
2.39609479904e-05
2.39641666412e-05
2.40684747696e-05
2.39304304123e-05
2.3934841156e-05
2.39322185516e-05
2.39988565445e-05
2.39148139954e-05
2.39541530609e-05
2.4022936821e-05
2.40039825439e-05
2.39206552505e-05
2.40106582642e-05
2.39939689636e-05
2.39295959473e-05
2.3855805397e-05
2.3885011673e-05
2.38946676254e-05
2.39412784576e-05
2.39841938019e-05
2.38717794418e-05
2.53365039825e-05
2.39882469177e-05
2.39337682724e-05
2.39133834839e-05
2.38537788391e-05
2.39688158035e-05
2.39168405533e-05
2.39237546921e-05
2.3853302002e-05
2.41631269455e-05
2.39906311035e-05
2.39387750626e-05
2.39392518997e-05
2.39642858505e-05
2.39080190659e-05
2.38279104233e-05
2.38288640976e-05
2.40598917007e-05
2.43140459061e-05
2.42912769318e-05
2.41304636002e-05
2.56011486053e-05
2.41559743881e-05
2.4071931839e-05
2.40334272385e-05
2.40401029587e-05
2.43039131165e-05
2.40669250488e-05
2.41014957428e-05
2.41527557373e-05
2.42253541946e-05
2.39686965942e-05
2.39770412445e-05
2.39831209183e-05
2.45722532272e-05
2.4011015892e-05
2.38604545593e-05
2.38490104675e-05
2.38921642303e-05
2.3930311203e-05
2.42077112198e-05
2.39963531494e-05
2.39057540894e-05
2.40366458893e-05
2.39361524582e-05
2.39777565002e-05
2.41655111313e-05
2.40813493729e-05
2.40036249161e-05
2.39552259445e-05
2.4686217308e-05
2.40560770035e-05
2.40379571915e-05
2.40740776062e-05
2.4045586586e-05
2.4164557457e-05
2.40941047668e-05
2.40613222122e-05
2.42451429367e-05
2.44753360748e-05
2.41017341614e-05
2.40480899811e-05
2.39911079407e-05
2.43074893951e-05
2.40206718445e-05
2.3935675621e-05
2.39342451096e-05
2.39719152451e-05
2.43332386017e-05
2.42068767548e-05
2.40594148636e-05
2.56286859512e-05
2.43499279022e-05
2.41392850876e-05
2.41256952286e-05
2.42077112198e-05
2.42247581482e-05
2.41272449493e-05
2.41074562073e-05
2.41352319717e-05
2.43180990219e-05
2.43483781815e-05
2.40904092789e-05
2.40859985352e-05
2.40911245346e-05
2.41651535034e-05
2.39711999893e-05
2.39845514297e-05
2.40646600723e-05
2.40111351013e-05
2.40033864975e-05
2.40080356598e-05
2.40916013718e-05
2.55093574524e-05
2.39970684052e-05
2.40005254745e-05
2.41094827652e-05
2.40442752838e-05
2.39768028259e-05
2.39913463593e-05
2.39681005478e-05
2.40503549576e-05
2.43828296661e-05
2.44017839432e-05
2.41490602493e-05
2.39895582199e-05
2.39766836166e-05
2.42713689804e-05
2.40243673325e-05
2.40820646286e-05
2.39477157593e-05
2.40833759308e-05
2.52388715744e-05
2.39942073822e-05
2.40081548691e-05
2.55415439606e-05
2.40918397903e-05
2.41190195084e-05
2.40648984909e-05
2.40631103516e-05
2.40811109543e-05
2.41338014603e-05
2.40050554276e-05
2.41476297379e-05
2.45416164398e-05
2.40211486816e-05
2.39895582199e-05
2.39713191986e-05
2.40482091904e-05
2.45822668076e-05
2.46268510818e-05
2.40944623947e-05
2.41836309433e-05
2.41756439209e-05
2.42190361023e-05
2.41966247559e-05
2.44107246399e-05
2.4219751358e-05
2.4272441864e-05
2.47023105621e-05
2.42879390717e-05
2.42545604706e-05
2.43276357651e-05
2.42899656296e-05
2.4359703064e-05
2.42435932159e-05
2.41726636887e-05
2.41794586182e-05
2.41991281509e-05
2.4381518364e-05
2.41384506226e-05
2.40553617477e-05
2.40150690079e-05
2.44143009186e-05
2.43787765503e-05
2.41394042969e-05
2.40951776505e-05
2.40923166275e-05
2.40795612335e-05
2.41048336029e-05
2.41341590881e-05
2.41296291351e-05
2.41669416428e-05
2.42207050323e-05
2.4186372757e-05
2.42078304291e-05
2.41866111755e-05
2.42249965668e-05
2.4080991745e-05
2.40731239319e-05
2.41184234619e-05
2.4261713028e-05
2.43127346039e-05
2.41672992706e-05
2.4142742157e-05
2.42184400558e-05
2.41475105286e-05
2.40490436554e-05
2.40440368652e-05
2.41181850433e-05
2.40182876587e-05
2.40570306778e-05
2.40449905396e-05
2.43743658066e-05
2.43179798126e-05
2.40294933319e-05
2.41465568542e-05
2.4157166481e-05
2.41996049881e-05
2.4165391922e-05
2.40828990936e-05
2.41447687149e-05
2.42092609406e-05
2.43641138077e-05
2.41211652756e-05
2.40889787674e-05
2.4196267128e-05
2.43316888809e-05
2.41546630859e-05
2.41498947144e-05
2.41520404816e-05
2.41078138351e-05
2.4098277092e-05
2.42196321487e-05
2.41825580597e-05
2.41175889969e-05
2.4062037468e-05
2.41020917892e-05
2.4235367775e-05
2.41541862488e-05
2.4084687233e-05
2.41214036942e-05
2.41804122925e-05
2.41750478745e-05
2.41842269897e-05
2.43226289749e-05
2.41261720657e-05
2.41972208023e-05
2.41745710373e-05
2.4402141571e-05
2.42500305176e-05
2.4221777916e-05
2.41713523865e-05
2.41626501083e-05
2.423787117e-05
2.43006944656e-05
2.41998434067e-05
2.472615242e-05
2.4244427681e-05
2.4355173111e-05
2.42063999176e-05
2.42744684219e-05
2.42245197296e-05
2.42878198624e-05
2.41944789886e-05
2.42586135864e-05
2.42692232132e-05
2.44969129562e-05
2.42394208908e-05
2.42689847946e-05
2.42909193039e-05
2.45586633682e-05
2.45625972748e-05
2.44106054306e-05
2.41181850433e-05
2.42210626602e-05
2.41273641586e-05
2.41626501083e-05
2.41495370865e-05
2.43051052094e-05
2.41023302078e-05
2.43966579437e-05
2.41428613663e-05
2.4319767952e-05
2.41347551346e-05
2.41347551346e-05
2.41093635559e-05
2.41590738297e-05
2.42278575897e-05
2.4209022522e-05
2.41692066193e-05
2.42751836777e-05
2.41659879684e-05
2.40780115128e-05
2.41575241089e-05
2.42912769318e-05
2.43592262268e-05
2.4130821228e-05
2.41506099701e-05
2.41792201996e-05
2.41521596909e-05
2.42161750793e-05
2.41240262985e-05
2.40322351456e-05
2.40219831467e-05
2.39666700363e-05
2.40387916565e-05
2.40715742111e-05
2.41465568542e-05
2.40894556046e-05
2.40603685379e-05
2.40505933762e-05
2.40970849991e-05
2.41277217865e-05
2.42006778717e-05
2.397108078e-05
2.39676237106e-05
2.39901542664e-05
2.39704847336e-05
2.40018367767e-05
2.41023302078e-05
2.40248441696e-05
2.39205360413e-05
2.39021778107e-05
2.38902568817e-05
2.39837169647e-05
2.39412784576e-05
2.39140987396e-05
2.42080688477e-05
2.40465402603e-05
2.39833593369e-05
2.39787101746e-05
2.39518880844e-05
2.40725278854e-05
2.39527225494e-05
2.39679813385e-05
2.39692926407e-05
2.42238044739e-05
2.41227149963e-05
2.42801904678e-05
2.41187810898e-05
2.41686105728e-05
2.41538286209e-05
2.40608453751e-05
2.40947008133e-05
2.41349935532e-05
2.41240262985e-05
2.41681337357e-05
2.40617990494e-05
2.49049663544e-05
2.49549150467e-05
2.41811275482e-05
2.4202466011e-05
2.4178147316e-05
2.4316072464e-05
2.4184346199e-05
2.41990089417e-05
2.41522789001e-05
2.44196653366e-05
2.43517160416e-05
2.41823196411e-05
2.41725444794e-05
2.42241621017e-05
2.42587327957e-05
2.42651700974e-05
2.41105556488e-05
2.42015123367e-05
2.41545438766e-05
2.41051912308e-05
2.40679979324e-05
2.40499973297e-05
2.39676237106e-05
2.51483917236e-05
2.41227149963e-05
2.4009346962e-05
2.41018533707e-05
2.40153074265e-05
2.4062037468e-05
2.40170955658e-05
2.40757465363e-05
2.40507125854e-05
2.42092609406e-05
2.4297118187e-05
2.4092912674e-05
2.39595174789e-05
2.45186090469e-05
2.44209766388e-05
2.40588188171e-05
2.39049196243e-05
2.39357948303e-05
2.39229202271e-05
2.40526199341e-05
2.38976478577e-05
2.39166021347e-05
2.40293741226e-05
2.40988731384e-05
2.39143371582e-05
2.3942232132e-05
2.39675045013e-05
2.40333080292e-05
2.40275859833e-05
2.39735841751e-05
2.40273475647e-05
2.40962505341e-05
2.43726968765e-05
2.41041183472e-05
2.40589380264e-05
2.41069793701e-05
2.40980386734e-05
2.41177082062e-05
2.41973400116e-05
2.41181850433e-05
2.40279436111e-05
2.39228010178e-05
2.38871574402e-05
2.39346027374e-05
2.40222215652e-05
2.40778923035e-05
2.41147279739e-05
2.56140232086e-05
2.4261713028e-05
2.42103338242e-05
2.41763591766e-05
2.41138935089e-05
2.42313146591e-05
2.42108106613e-05
2.41497755051e-05
2.4245262146e-05
2.47129201889e-05
2.49485969543e-05
2.44576931e-05
2.43984460831e-05
2.40887403488e-05
2.41638422012e-05
2.40013599396e-05
2.394759655e-05
2.3948431015e-05
2.39796638489e-05
2.39551067352e-05
2.39726305008e-05
2.39318609238e-05
2.74671316147e-05
2.42389440536e-05
2.42938995361e-05
2.42565870285e-05
2.42538452148e-05
2.41451263428e-05
2.41702795029e-05
2.42022275925e-05
2.43765115738e-05
2.51507759094e-05
2.41758823395e-05
2.42356061935e-05
2.42491960526e-05
2.42075920105e-05
2.4182677269e-05
2.42650508881e-05
2.42298841476e-05
2.42148637772e-05
2.42505073547e-05
2.42875814438e-05
2.42953300476e-05
2.42856740952e-05
2.43155956268e-05
2.54149436951e-05
2.43055820465e-05
2.41950750351e-05
2.42962837219e-05
2.43004560471e-05
2.43196487427e-05
2.43446826935e-05
2.4275302887e-05
2.42961645126e-05
2.4493098259e-05
2.4316906929e-05
2.44526863098e-05
2.43093967438e-05
2.43009328842e-05
2.42669582367e-05
2.42838859558e-05
2.42031812668e-05
2.41663455963e-05
2.43173837662e-05
2.43368148804e-05
2.44042873383e-05
2.48379707336e-05
2.43799686432e-05
2.42507457733e-05
2.42149829865e-05
2.42638587952e-05
2.42477655411e-05
2.42100954056e-05
2.42209434509e-05
2.42412090302e-05
2.43332386017e-05
2.43674516678e-05
2.43021249771e-05
2.42514610291e-05
2.43495702744e-05
2.44160890579e-05
2.43412256241e-05
2.43216753006e-05
2.43188142776e-05
2.43806838989e-05
2.43867635727e-05
2.44286060333e-05
2.44386196136e-05
2.43928432465e-05
2.43703126907e-05
2.43566036224e-05
2.43965387344e-05
2.44777202606e-05
2.87108421326e-05
2.48600244522e-05
2.65874862671e-05
2.62311697006e-05
3.26550006866e-05
2.46061086655e-05
2.45033502579e-05
2.49387025833e-05
2.51580476761e-05
2.44174003601e-05
2.46838331223e-05
2.44737863541e-05
2.43037939072e-05
2.43082046509e-05
2.43442058563e-05
2.49453783035e-05
2.46169567108e-05
2.50058174133e-05
2.47330665588e-05
3.02042961121e-05
2.54852771759e-05
2.46315002441e-05
2.59428024292e-05
2.56280899048e-05
2.48779058456e-05
2.99352407455e-05
3.275847435e-05
2.51109600067e-05
2.47673988342e-05
2.45460271835e-05
2.43549346924e-05
2.43138074875e-05
2.44054794312e-05
2.44112014771e-05
2.42286920547e-05
2.42058038712e-05
2.41931676865e-05
2.42781639099e-05
2.43711471558e-05
2.43321657181e-05
2.43238210678e-05
2.72035598755e-05
2.43557691574e-05
2.43961811066e-05
2.43964195251e-05
2.44419574738e-05
2.43487358093e-05
2.43983268738e-05
2.41867303848e-05
2.42401361465e-05
2.43788957596e-05
2.43200063705e-05
2.44519710541e-05
2.4355173111e-05
2.43932008743e-05
2.43990421295e-05
2.42857933044e-05
2.43277549744e-05
2.42550373077e-05
2.42570638657e-05
2.42201089859e-05
2.42524147034e-05
2.43829488754e-05
2.43147611618e-05
2.42969989777e-05
2.42699384689e-05
2.42115259171e-05
2.41607427597e-05
2.41956710815e-05
2.4184346199e-05
2.41562128067e-05
2.42042541504e-05
2.43287086487e-05
2.44183540344e-05
2.49495506287e-05
2.44241952896e-05
2.42652893066e-05
2.43955850601e-05
2.42785215378e-05
2.43002176285e-05
2.41593122482e-05
2.41513252258e-05
2.42791175842e-05
2.48081684113e-05
2.42894887924e-05
2.43299007416e-05
2.43003368378e-05
2.43282318115e-05
2.43515968323e-05
2.43452787399e-05
2.4316072464e-05
2.43953466415e-05
2.4317741394e-05
2.43235826492e-05
2.45276689529e-05
2.44617462158e-05
2.45065689087e-05
2.43402719498e-05
2.46148109436e-05
2.46561765671e-05
2.46223211288e-05
2.4465918541e-05
2.44433879852e-05
2.44131088257e-05
2.44011878967e-05
2.44801044464e-05
2.44147777557e-05
2.44138240814e-05
2.51462459564e-05
2.44075059891e-05
2.44535207748e-05
2.44655609131e-05
2.44464874268e-05
2.44493484497e-05
2.43408679962e-05
2.43020057678e-05
2.43048667908e-05
2.43937969208e-05
2.47492790222e-05
2.45268344879e-05
2.43827104568e-05
2.45319604874e-05
2.439057827e-05
2.43992805481e-05
2.42892503738e-05
2.43917703629e-05
2.4246096611e-05
2.43495702744e-05
2.42965221405e-05
2.56850719452e-05
2.43858098984e-05
2.42695808411e-05
2.4231672287e-05
2.43837833405e-05
2.4201631546e-05
2.42650508881e-05
2.42303609848e-05
2.42669582367e-05
2.43852138519e-05
2.42980718613e-05
2.48738527298e-05
2.44666337967e-05
2.43500471115e-05
2.43961811066e-05
2.44956016541e-05
2.4366736412e-05
2.43777036667e-05
2.43879556656e-05
2.44003534317e-05
2.44107246399e-05
2.45544910431e-05
2.43713855743e-05
2.60459184647e-05
2.45141983032e-05
2.44219303131e-05
2.44495868683e-05
2.44628190994e-05
2.44299173355e-05
2.43870019913e-05
2.44467258453e-05
2.44575738907e-05
2.52416133881e-05
2.46938467026e-05
2.47980356216e-05
2.46223211288e-05
2.474796772e-05
2.46509313583e-05
2.46484279633e-05
2.45071649551e-05
2.45175361633e-05
2.44649648666e-05
2.45144367218e-05
2.44967937469e-05
2.45940685272e-05
2.48330831528e-05
2.45497226715e-05
2.43844985962e-05
2.43916511536e-05
2.427983284e-05
2.43175029755e-05
2.43340730667e-05
2.42710113525e-05
2.42391824722e-05
2.43819952011e-05
2.43936777115e-05
2.43873596191e-05
2.45592594147e-05
2.44270563126e-05
2.44928598404e-05
2.43036746979e-05
2.42562294006e-05
2.43258476257e-05
2.4334192276e-05
2.43589878082e-05
2.43672132492e-05
2.43234634399e-05
2.47941017151e-05
2.44480371475e-05
2.43595838547e-05
2.43666172028e-05
2.4442076683e-05
2.44525671005e-05
2.44591236115e-05
2.44489908218e-05
2.43722200394e-05
2.46905088425e-05
2.43895053864e-05
2.44085788727e-05
2.43279933929e-05
2.44883298874e-05
2.44765281677e-05
2.45107412338e-05
2.45994329453e-05
2.4648308754e-05
2.45363712311e-05
2.436876297e-05
2.43670940399e-05
2.43672132492e-05
2.43806838989e-05
2.43909358978e-05
2.44427919388e-05
2.45043039322e-05
2.45240926743e-05
2.44038105011e-05
2.43711471558e-05
2.44042873383e-05
2.45162248611e-05
2.44632959366e-05
2.44243144989e-05
2.4503827095e-05
2.52476930618e-05
2.44371891022e-05
2.45107412338e-05
2.43915319443e-05
2.43910551071e-05
2.44286060333e-05
2.44005918503e-05
2.43005752563e-05
2.43185758591e-05
2.43356227875e-05
2.43234634399e-05
2.4310708046e-05
2.43973731995e-05
2.48891115189e-05
2.44051218033e-05
2.44144201279e-05
2.45540142059e-05
2.45316028595e-05
2.44586467743e-05
2.45139598846e-05
2.45091915131e-05
2.44408845901e-05
2.44144201279e-05
2.47068405151e-05
2.47876644135e-05
2.45641469955e-05
2.44265794754e-05
2.44957208633e-05
2.45107412338e-05
2.45426893234e-05
2.44219303131e-05
2.44590044022e-05
2.4418592453e-05
2.45045423508e-05
2.4423956871e-05
2.44288444519e-05
2.62808799744e-05
2.45877504349e-05
2.44654417038e-05
2.44550704956e-05
2.45673656464e-05
2.45795249939e-05
2.44281291962e-05
2.44510173798e-05
2.44859457016e-05
2.46387720108e-05
2.44423151016e-05
2.445936203e-05
2.49081850052e-05
2.46775150299e-05
2.51920223236e-05
2.53264904022e-05
2.54284143448e-05
2.43291854858e-05
2.50160694122e-05
2.45951414108e-05
2.44174003601e-05
2.55477428436e-05
2.44406461716e-05
2.43519544601e-05
2.43029594421e-05
2.43121385574e-05
2.428150177e-05
2.42437124252e-05
2.42421627045e-05
2.43313312531e-05
2.44892835617e-05
2.5004863739e-05
2.4557352066e-05
2.43542194366e-05
2.42980718613e-05
2.43009328842e-05
2.44631767273e-05
2.4347782135e-05
2.41651535034e-05
2.43253707886e-05
2.42736339569e-05
2.46466398239e-05
2.43301391602e-05
2.43108272552e-05
2.63684988022e-05
2.44745016098e-05
2.43964195251e-05
2.44008302689e-05
2.43554115295e-05
2.43463516235e-05
2.43932008743e-05
2.43718624115e-05
2.43462324142e-05
2.46132612228e-05
2.46248245239e-05
2.45888233185e-05
2.42606401443e-05
2.4359703064e-05
2.47874259949e-05
2.4235367775e-05
2.41813659668e-05
2.42586135864e-05
2.42697000504e-05
2.4379491806e-05
2.42513418198e-05
2.42673158646e-05
2.42538452148e-05
2.42822170258e-05
2.430331707e-05
2.50725746155e-05
2.45054960251e-05
2.4188876152e-05
2.4430513382e-05
2.44594812393e-05
2.50679254532e-05
2.43757963181e-05
2.43853330612e-05
2.43715047836e-05
2.44621038437e-05
2.43881940842e-05
2.43145227432e-05
2.43357419968e-05
2.44146585464e-05
2.45294570923e-05
2.45280265808e-05
2.45456695557e-05
2.44904756546e-05
2.44693756104e-05
2.45034694672e-05
2.44727134705e-05
2.44681835175e-05
2.45177745819e-05
2.44723558426e-05
2.46778726578e-05
2.44555473328e-05
2.45839357376e-05
2.44640111923e-05
2.44119167328e-05
2.44001150131e-05
2.45481729507e-05
2.43992805481e-05
2.44333744049e-05
2.4439573288e-05
2.44717597961e-05
2.42767333984e-05
2.42878198624e-05
2.45831012726e-05
2.43685245514e-05
2.43854522705e-05
2.44034528732e-05
2.42549180984e-05
2.43054628372e-05
2.42441892624e-05
2.42381095886e-05
2.44569778442e-05
2.44790315628e-05
2.41771936417e-05
2.42983102798e-05
2.641248703e-05
2.43428945541e-05
2.42277383804e-05
2.42791175842e-05
2.42438316345e-05
2.42875814438e-05
2.42749452591e-05
2.43467092514e-05
2.42476463318e-05
2.43337154388e-05
2.46005058289e-05
2.42269039154e-05
2.44692564011e-05
2.42750644684e-05
2.4227142334e-05
2.41588354111e-05
2.4240732193e-05
2.43673324585e-05
2.43874788284e-05
2.43537425995e-05
2.46113538742e-05
2.44510173798e-05
2.44574546814e-05
2.56930589676e-05
2.44331359863e-05
2.43157148361e-05
2.45809555054e-05
2.43258476257e-05
2.43142843246e-05
2.43961811066e-05
2.43654251099e-05
2.4322271347e-05
2.45054960251e-05
2.47151851654e-05
2.44841575623e-05
2.46647596359e-05
2.46411561966e-05
2.46074199677e-05
2.45189666748e-05
2.44024991989e-05
2.44108438492e-05
2.44642496109e-05
2.44245529175e-05
2.47262716293e-05
2.44767665863e-05
2.44504213333e-05
2.45198011398e-05
2.44923830032e-05
2.4396777153e-05
2.44510173798e-05
2.43957042694e-05
2.43837833405e-05
2.4362206459e-05
2.43812799454e-05
2.43725776672e-05
2.44479179382e-05
2.4720788002e-05
2.44127511978e-05
2.44826078415e-05
2.43738889694e-05
2.48619318008e-05
2.45393514633e-05
2.43816375732e-05
2.43487358093e-05
2.42413282394e-05
2.43215560913e-05
2.45499610901e-05
2.43135690689e-05
2.43345499039e-05
2.64117717743e-05
2.45538949966e-05
2.43780612946e-05
2.44306325912e-05
2.43898630142e-05
2.44209766388e-05
2.44427919388e-05
2.43748426437e-05
2.43899822235e-05
2.45072841644e-05
2.46368646622e-05
2.43889093399e-05
2.43954658508e-05
2.44332551956e-05
2.46665477753e-05
2.45094299316e-05
2.4381518364e-05
2.44007110596e-05
2.4468421936e-05
2.44096517563e-05
2.47887372971e-05
2.44410037994e-05
2.44799852371e-05
2.49125957489e-05
2.44413614273e-05
2.44318246841e-05
2.45141983032e-05
2.44724750519e-05
2.44027376175e-05
2.4507522583e-05
2.45867967606e-05
2.45257616043e-05
2.45960950851e-05
2.47116088867e-05
2.44790315628e-05
2.43955850601e-05
2.4432182312e-05
2.45625972748e-05
2.4450302124e-05
2.47269868851e-05
2.43947505951e-05
2.43526697159e-05
2.43611335754e-05
2.42520570755e-05
2.45426893234e-05
2.45553255081e-05
2.44277715683e-05
2.43928432465e-05
2.48996019363e-05
2.45283842087e-05
2.452480793e-05
2.45159864426e-05
2.45188474655e-05
2.44997739792e-05
2.44560241699e-05
2.4477481842e-05
2.44059562683e-05
2.45600938797e-05
2.46647596359e-05
2.44414806366e-05
2.44482755661e-05
2.44878530502e-05
2.46428251266e-05
2.45001316071e-05
2.44942903519e-05
2.44743824005e-05
2.44487524033e-05
2.43722200394e-05
2.4622797966e-05
2.45764255524e-05
2.45040655136e-05
2.44240760803e-05
2.44718790054e-05
2.44423151016e-05
2.45177745819e-05
2.44429111481e-05
2.44153738022e-05
2.44235992432e-05
2.44617462158e-05
2.44569778442e-05
2.4462223053e-05
2.44872570038e-05
2.47062444687e-05
2.45484113693e-05
2.45358943939e-05
2.45279073715e-05
2.43887901306e-05
2.43426561356e-05
2.42948532104e-05
2.42981910706e-05
2.43467092514e-05
2.47054100037e-05
2.44202613831e-05
2.43881940842e-05
2.45269536972e-05
2.44368314743e-05
2.44196653366e-05
2.44427919388e-05
2.44524478912e-05
2.45087146759e-05
2.4543762207e-05
2.44468450546e-05
2.44748592377e-05
2.44427919388e-05
2.54802703857e-05
2.44706869125e-05
2.44696140289e-05
2.4302482605e-05
2.48128175735e-05
2.47611999512e-05
2.45745182037e-05
2.43927240372e-05
2.43753194809e-05
2.43699550629e-05
2.43549346924e-05
2.45883464813e-05
2.44212150574e-05
2.43957042694e-05
2.44137048721e-05
2.5674700737e-05
2.44467258453e-05
2.44604349136e-05
2.44430303574e-05
2.43968963623e-05
2.44374275208e-05
2.43252515793e-05
2.43428945541e-05
2.43386030197e-05
2.44877338409e-05
2.45591402054e-05
2.43278741837e-05
2.42874622345e-05
2.44077444077e-05
2.44354009628e-05
2.43511199951e-05
2.42803096771e-05
2.43189334869e-05
2.42817401886e-05
2.43574380875e-05
2.44570970535e-05
2.43533849716e-05
2.44241952896e-05
2.44997739792e-05
2.44605541229e-05
2.44989395142e-05
2.44836807251e-05
2.44312286377e-05
2.44413614273e-05
2.45069265366e-05
2.44959592819e-05
2.44781970978e-05
2.44657993317e-05
2.46576070786e-05
2.45099067688e-05
2.44551897049e-05
2.45394706726e-05
2.46187448502e-05
2.45133638382e-05
2.45690345764e-05
2.45311260223e-05
2.4604678154e-05
2.46095657349e-05
2.46782302856e-05
2.45242118835e-05
2.45596170425e-05
2.59708166122e-05
2.46044397354e-05
2.45959758759e-05
2.46040821075e-05
2.45962142944e-05
2.46050357819e-05
2.45351791382e-05
2.46165990829e-05
2.45063304901e-05
2.47361660004e-05
2.45037078857e-05
2.46357917786e-05
2.44753360748e-05
2.46117115021e-05
2.44184732437e-05
2.43936777115e-05
2.43803262711e-05
2.43910551071e-05
2.43611335754e-05
2.44961977005e-05
2.43774652481e-05
2.44308710098e-05
2.43729352951e-05
2.44200229645e-05
2.44047641754e-05
2.43966579437e-05
2.43966579437e-05
2.43746042252e-05
2.44121551514e-05
2.44307518005e-05
2.43949890137e-05
2.46475934982e-05
2.43735313416e-05
2.43445634842e-05
2.43166685104e-05
2.48500108719e-05
2.46192216873e-05
2.432513237e-05
2.43592262268e-05
2.43562459946e-05
2.44162082672e-05
2.44244337082e-05
2.44245529175e-05
2.44349241257e-05
2.55224704742e-05
2.46193408966e-05
2.45298147202e-05
2.46027708054e-05
2.45119333267e-05
2.44901180267e-05
2.45401859283e-05
2.45765447617e-05
2.44925022125e-05
2.45478153229e-05
2.53481864929e-05
2.4433016777e-05
2.45721340179e-05
2.45386362076e-05
2.46580839157e-05
2.46330499649e-05
2.47648954391e-05
2.4817943573e-05
2.45989561081e-05
2.45785713196e-05
2.45683193207e-05
2.46560573578e-05
2.45915651321e-05
2.47826576233e-05
2.45940685272e-05
2.46484279633e-05
2.47784852982e-05
2.47231721878e-05
2.44599580765e-05
2.448117733e-05
2.43852138519e-05
2.43499279022e-05
0.0
