2.59368419647e-05
2.55799293518e-05
2.53990888596e-05
2.54527330399e-05
2.53479480743e-05
2.54776477814e-05
2.53278017044e-05
2.53808498383e-05
2.54656076431e-05
2.55274772644e-05
2.54302024841e-05
2.54938602448e-05
2.55441665649e-05
2.71141529083e-05
2.55006551743e-05
2.5718331337e-05
2.55327224731e-05
2.54774093628e-05
2.55200862885e-05
2.54111289978e-05
2.54383087158e-05
2.53262519836e-05
2.54749059677e-05
2.66878604889e-05
2.5377035141e-05
2.5511264801e-05
2.53143310547e-05
2.53163576126e-05
2.53237485886e-05
2.51815319061e-05
2.52803564072e-05
2.52887010574e-05
2.52655744553e-05
2.52709388733e-05
2.54328250885e-05
2.54570245743e-05
2.76384353638e-05
2.54911184311e-05
2.6177406311e-05
2.56164073944e-05
2.5557756424e-05
2.55542993546e-05
2.5532245636e-05
2.57024765015e-05
2.55659818649e-05
2.56316661835e-05
2.55671739578e-05
2.57171392441e-05
2.57738828659e-05
2.5723695755e-05
2.57060527802e-05
2.56086587906e-05
2.55955457687e-05
2.55509614944e-05
2.55972146988e-05
2.55390405655e-05
2.56507396698e-05
2.59163379669e-05
2.58125066757e-05
2.58765220642e-05
2.58147716522e-05
2.58054733276e-05
2.64403820038e-05
2.60399580002e-05
2.5761961937e-05
2.56369113922e-05
2.57089138031e-05
2.56330966949e-05
2.56025791168e-05
2.56088972092e-05
2.56181955338e-05
2.57297754288e-05
2.5656580925e-05
2.56222486496e-05
2.56658792496e-05
2.71512269974e-05
2.56867408752e-05
2.56625413895e-05
2.56930589676e-05
2.56464481354e-05
2.56186723709e-05
2.55937576294e-05
2.55830287933e-05
2.55908966064e-05
2.3604631424e-05
2.21331119537e-05
2.2123336792e-05
2.21914052963e-05
2.21688747406e-05
2.21128463745e-05
2.22047567368e-05
2.21898555756e-05
2.2198677063e-05
2.22001075745e-05
2.22297906876e-05
2.22153663635e-05
2.21844911575e-05
2.21943855286e-05
2.21614837646e-05
2.21517086029e-05
2.21410989761e-05
2.22487449646e-05
2.23557949066e-05
2.22924947739e-05
2.22203731537e-05
2.21613645554e-05
2.27575302124e-05
2.2212266922e-05
2.21853256226e-05
2.21190452576e-05
2.21104621887e-05
2.21401453018e-05
2.21636295319e-05
2.21782922745e-05
2.23122835159e-05
2.22536325455e-05
2.22371816635e-05
2.22302675247e-05
2.21900939941e-05
2.22209692001e-05
2.22616195679e-05
2.22163200378e-05
2.22103595734e-05
2.22334861755e-05
2.21881866455e-05
2.21847295761e-05
2.22175121307e-05
2.22002267838e-05
2.21987962723e-05
2.22207307816e-05
2.22696065903e-05
2.22245454788e-05
2.22463607788e-05
2.22578048706e-05
2.22133398056e-05
2.22063064575e-05
2.22343206406e-05
2.22171545029e-05
2.22741365433e-05
2.23159790039e-05
3.07848453522e-05
2.3848772049e-05
2.32888460159e-05
2.23768949509e-05
2.29307413101e-05
2.25421190262e-05
2.23113298416e-05
2.29407548904e-05
2.21927165985e-05
2.23281383514e-05
2.21279859543e-05
2.23956108093e-05
2.21340656281e-05
2.21844911575e-05
2.22585201263e-05
2.23934650421e-05
2.22823619843e-05
2.43171453476e-05
2.24190950394e-05
2.31204032898e-05
2.30659246445e-05
2.7617931366e-05
2.26562023163e-05
2.42985486984e-05
2.3638010025e-05
2.48056650162e-05
2.350461483e-05
2.26963758469e-05
2.32506990433e-05
2.28538513184e-05
2.26929187775e-05
2.27957963943e-05
2.3705124855e-05
2.24394798279e-05
2.33961343765e-05
2.31881141663e-05
2.6625752449e-05
2.38970518112e-05
2.27320194244e-05
2.29961872101e-05
2.22707986832e-05
2.23180055618e-05
2.228307724e-05
2.23599672318e-05
2.22516059875e-05
2.23705768585e-05
2.25154161453e-05
2.24188566208e-05
2.23820209503e-05
2.23053693771e-05
2.24155187607e-05
2.22378969193e-05
2.22481489182e-05
2.22259759903e-05
2.22026109695e-05
2.21730470657e-05
2.2265791893e-05
2.23964452744e-05
2.22849845886e-05
2.26083993912e-05
2.22955942154e-05
2.22662687302e-05
2.22547054291e-05
2.22713947296e-05
2.23268270493e-05
2.23243236542e-05
2.22722291946e-05
2.22651958466e-05
2.22699642181e-05
2.2230386734e-05
2.24845409393e-05
2.22587585449e-05
2.21499204636e-05
2.21683979034e-05
2.22576856613e-05
2.22539901733e-05
2.21997499466e-05
2.21450328827e-05
2.21568346024e-05
2.22980976105e-05
2.22103595734e-05
2.22034454346e-05
2.22145318985e-05
2.22684144974e-05
2.23326683044e-05
2.25050449371e-05
2.22570896149e-05
2.24193334579e-05
2.23782062531e-05
2.24304199219e-05
2.25121974945e-05
2.29350328445e-05
2.23875045776e-05
2.23145484924e-05
2.22910642624e-05
2.23560333252e-05
2.23544836044e-05
2.24027633667e-05
2.22909450531e-05
2.23045349121e-05
2.22984552383e-05
2.23405361176e-05
2.22804546356e-05
2.23231315613e-05
2.22909450531e-05
2.23339796066e-05
2.2371172905e-05
2.23816633224e-05
2.23534107208e-05
2.23640203476e-05
2.24086046219e-05
2.23807096481e-05
2.23213434219e-05
2.23222970963e-05
2.23759412766e-05
2.23543643951e-05
2.2402048111e-05
2.23872661591e-05
2.24120616913e-05
2.24187374115e-05
2.24100351334e-05
2.24243402481e-05
2.24232673645e-05
2.24117040634e-05
2.24196910858e-05
2.24031209946e-05
2.24107503891e-05
2.2606253624e-05
2.23816633224e-05
2.25296020508e-05
2.25039720535e-05
2.25434303284e-05
2.24192142487e-05
2.24195718765e-05
2.23988294601e-05
2.23875045776e-05
2.24783420563e-05
2.24653482437e-05
2.24357843399e-05
2.25174427032e-05
2.37789154053e-05
2.25961208344e-05
2.25764513016e-05
2.26329565048e-05
2.2648692131e-05
2.26383209229e-05
2.26534605026e-05
2.26024389267e-05
2.26759910583e-05
2.25882530212e-05
2.2603392601e-05
2.26365327835e-05
2.26238965988e-05
2.26376056671e-05
2.25820541382e-05
2.26323604584e-05
2.26157903671e-05
2.26372480392e-05
2.26390361786e-05
2.26782560349e-05
2.26864814758e-05
2.2677898407e-05
2.25615501404e-05
2.25247144699e-05
2.25456953049e-05
2.25195884705e-05
2.26925611496e-05
2.26782560349e-05
2.25902795792e-05
2.25331783295e-05
2.25304365158e-05
2.27241516113e-05
2.25775241852e-05
2.24106311798e-05
2.24947929382e-05
2.24671363831e-05
2.24848985672e-05
2.2487282753e-05
2.2468328476e-05
2.25129127502e-05
2.25338935852e-05
2.51604318619e-05
2.25648880005e-05
2.25496292114e-05
2.25406885147e-05
2.24978923798e-05
2.25055217743e-05
2.24961042404e-05
2.25106477737e-05
2.25071907043e-05
2.25462913513e-05
2.25737094879e-05
2.25341320038e-05
2.25737094879e-05
2.2555232048e-05
2.25406885147e-05
2.26218700409e-05
2.26246118546e-05
2.25508213043e-05
2.25931406021e-05
2.25508213043e-05
2.25627422333e-05
2.25592851639e-05
2.25586891174e-05
2.25509405136e-05
2.26159095764e-05
2.25796699524e-05
2.28066444397e-05
2.28577852249e-05
2.25299596786e-05
2.25814580917e-05
2.28340625763e-05
2.31195688248e-05
2.26355791092e-05
2.25883722305e-05
2.26851701736e-05
2.26806402206e-05
2.26286649704e-05
2.26179361343e-05
2.25952863693e-05
2.2634267807e-05
2.26085186005e-05
2.27196216583e-05
2.26670503616e-05
2.26055383682e-05
2.26222276688e-05
2.25921869278e-05
2.26119756699e-05
2.25194692612e-05
2.25570201874e-05
2.2592663765e-05
2.26105451584e-05
2.25011110306e-05
2.25822925568e-05
2.25794315338e-05
2.2541642189e-05
2.24581956863e-05
2.25166082382e-05
2.25735902786e-05
2.266061306e-05
2.25430727005e-05
2.26818323135e-05
2.26440429687e-05
2.27031707764e-05
2.27510929108e-05
2.26246118546e-05
2.27761268616e-05
2.26808786392e-05
2.27979421616e-05
2.28134393692e-05
2.25795507431e-05
2.26442813873e-05
2.26008892059e-05
2.26136445999e-05
2.26002931595e-05
2.25340127945e-05
2.25620269775e-05
2.25324630737e-05
2.24978923798e-05
2.24838256836e-05
2.25312709808e-05
2.25285291672e-05
2.38751173019e-05
2.25964784622e-05
2.25813388824e-05
2.26103067398e-05
2.25257873535e-05
2.26632356644e-05
2.26788520813e-05
2.27017402649e-05
2.26311683655e-05
2.2607088089e-05
2.25878953934e-05
2.26155519485e-05
2.2678732872e-05
2.26594209671e-05
2.26306915283e-05
2.26860046387e-05
2.26727724075e-05
2.26000547409e-05
2.2657752037e-05
2.25398540497e-05
2.25726366043e-05
2.26410627365e-05
2.25788354874e-05
2.25741863251e-05
2.26306915283e-05
2.27136611938e-05
2.28502750397e-05
2.26136445999e-05
2.2765994072e-05
2.2576212883e-05
2.27289199829e-05
2.25781202316e-05
2.24581956863e-05
2.26910114288e-05
2.26454734802e-05
2.26490497589e-05
2.26712226868e-05
2.26618051529e-05
2.26436853409e-05
2.28816270828e-05
2.27669477463e-05
2.27651596069e-05
2.26737260818e-05
2.2691488266e-05
2.29618549347e-05
2.27043628693e-05
2.2686958313e-05
2.26668119431e-05
2.27161645889e-05
2.266061306e-05
2.26300954819e-05
2.26938724518e-05
2.26519107819e-05
2.26401090622e-05
2.26985216141e-05
2.26716995239e-05
2.26533412933e-05
2.27472782135e-05
2.26418972015e-05
2.26904153824e-05
2.26765871048e-05
2.27253437042e-05
2.26769447327e-05
2.26789712906e-05
2.26150751114e-05
2.27621793747e-05
2.292573452e-05
2.26628780365e-05
2.27304697037e-05
2.27615833282e-05
2.28890180588e-05
2.35472917557e-05
2.29715108871e-05
2.27926969528e-05
2.27680206299e-05
2.27347612381e-05
2.32776403427e-05
2.45463848114e-05
2.35958099365e-05
2.29953527451e-05
2.28453874588e-05
2.2833108902e-05
2.49018669128e-05
2.2824048996e-05
2.27963924408e-05
2.27116346359e-05
2.26821899414e-05
2.26258039474e-05
2.27882862091e-05
2.27048397064e-05
2.27258205414e-05
2.27171182632e-05
2.2731423378e-05
2.26988792419e-05
2.27015018463e-05
2.27046012878e-05
2.26707458496e-05
2.26168632507e-05
2.2575378418e-05
2.26616859436e-05
2.26228237152e-05
2.26565599442e-05
2.26092338562e-05
2.26767063141e-05
2.26739645004e-05
2.27136611938e-05
2.27295160294e-05
2.28514671326e-05
2.29421854019e-05
2.28139162064e-05
2.26761102676e-05
2.2714138031e-05
2.27838754654e-05
2.25868225098e-05
2.25483179092e-05
2.25112438202e-05
2.26036310196e-05
2.26037502289e-05
2.26104259491e-05
2.25635766983e-05
2.46481895447e-05
2.27106809616e-05
2.26060152054e-05
2.26041078568e-05
2.25747823715e-05
2.26085186005e-05
2.26508378983e-05
2.26168632507e-05
2.25892066956e-05
2.26473808289e-05
2.26588249207e-05
2.27179527283e-05
2.27743387222e-05
2.27556228638e-05
2.28151082993e-05
2.27895975113e-05
2.28105783463e-05
2.29104757309e-05
2.29433774948e-05
2.28337049484e-05
2.29187011719e-05
2.29569673538e-05
2.28813886642e-05
2.29935646057e-05
2.29336023331e-05
2.29426622391e-05
2.31314897537e-05
2.38738059998e-05
2.30412483215e-05
2.29514837265e-05
2.28457450867e-05
2.28579044342e-05
2.28323936462e-05
2.27998495102e-05
2.27802991867e-05
2.27478742599e-05
2.28176116943e-05
2.26917266846e-05
2.27751731873e-05
2.2993683815e-05
2.28650569916e-05
2.28210687637e-05
2.27582454681e-05
2.27255821228e-05
2.27766036987e-05
2.28023529053e-05
2.26839780807e-05
2.27193832397e-05
2.26969718933e-05
2.26908922195e-05
2.27667093277e-05
2.27245092392e-05
2.27749347687e-05
2.27497816086e-05
2.27371454239e-05
2.27890014648e-05
2.27558612823e-05
2.27397680283e-05
2.27551460266e-05
2.27608680725e-05
2.27230787277e-05
2.27289199829e-05
2.27310657501e-05
2.27164030075e-05
2.27324962616e-05
2.26867198944e-05
2.28139162064e-05
2.29680538177e-05
2.28595733643e-05
2.28408575058e-05
2.28241682053e-05
2.30458974838e-05
2.3472905159e-05
2.31201648712e-05
2.27797031403e-05
2.26409435272e-05
2.26380825043e-05
2.26377248764e-05
2.26677656174e-05
2.26713418961e-05
2.27793455124e-05
2.2731423378e-05
2.44855880737e-05
2.2980928421e-05
2.30400562286e-05
2.28561162949e-05
2.30271816254e-05
2.29544639587e-05
2.2817492485e-05
2.30084657669e-05
2.30909585953e-05
2.3002743721e-05
2.30127573013e-05
2.29413509369e-05
2.29687690735e-05
2.3076415062e-05
2.30417251587e-05
2.30023860931e-05
2.30937004089e-05
2.30910778046e-05
2.29440927505e-05
2.30392217636e-05
2.29693651199e-05
2.29799747467e-05
2.30112075806e-05
2.28596925735e-05
2.2874712944e-05
2.35207080841e-05
2.29961872101e-05
2.27382183075e-05
2.28320360184e-05
2.2803068161e-05
2.30031013489e-05
2.27015018463e-05
2.27024555206e-05
2.26236581802e-05
2.26994752884e-05
2.26489305496e-05
2.27264165878e-05
2.27814912796e-05
2.27043628693e-05
2.3918390274e-05
2.27147340775e-05
2.27179527283e-05
2.27656364441e-05
2.26747989655e-05
2.26837396622e-05
2.26849317551e-05
2.2656917572e-05
2.25901603699e-05
2.25812196732e-05
2.26185321808e-05
2.2597193718e-05
2.26464271545e-05
2.26036310196e-05
2.26664543152e-05
2.26668119431e-05
2.2610783577e-05
2.25784778595e-05
2.25899219513e-05
2.26358175278e-05
2.26066112518e-05
2.26100683212e-05
2.26466655731e-05
2.25713253021e-05
2.25836038589e-05
2.26939916611e-05
2.28748321533e-05
2.28977203369e-05
2.26539373398e-05
2.27066278458e-05
2.26980447769e-05
2.27296352386e-05
2.25961208344e-05
2.27247476578e-05
2.25930213928e-05
2.26475000381e-05
2.26639509201e-05
2.26101875305e-05
2.26856470108e-05
2.38336324692e-05
2.27762460709e-05
2.27069854736e-05
2.27392911911e-05
2.2677063942e-05
2.2737622261e-05
2.26736068726e-05
2.26670503616e-05
2.25977897644e-05
2.26000547409e-05
2.25737094879e-05
2.2581577301e-05
2.26112604141e-05
2.26690769196e-05
2.26306915283e-05
2.26001739502e-05
2.26262807846e-05
2.26355791092e-05
2.25795507431e-05
2.2559762001e-05
2.25647687912e-05
2.26117372513e-05
2.25440263748e-05
2.25541591644e-05
2.25907564163e-05
2.26949453354e-05
2.2584438324e-05
2.27093696594e-05
2.29203701019e-05
2.28739976883e-05
2.2708773613e-05
2.28813886642e-05
2.3025393486e-05
2.29762792587e-05
2.28900909424e-05
2.29573249817e-05
2.27081775665e-05
2.27810144424e-05
2.27224826813e-05
2.28254795074e-05
2.292573452e-05
2.29604244232e-05
2.27081775665e-05
2.2848367691e-05
2.46371030807e-05
2.2796869278e-05
2.27788686752e-05
2.27227210999e-05
2.27079391479e-05
2.26871967316e-05
2.26256847382e-05
2.26737260818e-05
2.27421522141e-05
2.26905345917e-05
2.27131843567e-05
2.26962566376e-05
2.26681232452e-05
2.27493047714e-05
2.27226018906e-05
2.27861404419e-05
2.28780508041e-05
2.26823091507e-05
2.28385925293e-05
2.27035284042e-05
2.29264497757e-05
2.27400064468e-05
2.28244066238e-05
2.27236747742e-05
2.29307413101e-05
2.29213237762e-05
2.29340791702e-05
2.2790312767e-05
2.29097604752e-05
2.27738618851e-05
2.29412317276e-05
2.28471755981e-05
2.27419137955e-05
2.30164527893e-05
2.28132009506e-05
2.2647857666e-05
2.27384567261e-05
2.27243900299e-05
2.27514505386e-05
2.42767333984e-05
2.28122472763e-05
2.28143930435e-05
2.28395462036e-05
2.28023529053e-05
2.27854251862e-05
2.27539539337e-05
2.28471755981e-05
2.27884054184e-05
2.27856636047e-05
2.27369070053e-05
2.2776722908e-05
2.29357481003e-05
2.2822022438e-05
2.27980613708e-05
2.28058099747e-05
2.29073762894e-05
2.28559970856e-05
2.28329896927e-05
2.28122472763e-05
2.28304862976e-05
2.27965116501e-05
2.279484272e-05
2.27602720261e-05
2.27965116501e-05
2.27731466293e-05
2.29527950287e-05
2.28755474091e-05
2.29034423828e-05
2.30026245117e-05
2.28416919708e-05
2.28517055511e-05
2.28229761124e-05
2.28258371353e-05
2.28290557861e-05
2.28326320648e-05
2.28399038315e-05
2.28253602982e-05
2.28165388107e-05
2.28662490845e-05
2.3117184639e-05
2.29593515396e-05
2.28645801544e-05
2.28389501572e-05
2.29346752167e-05
2.29370594025e-05
2.29116678238e-05
2.2812962532e-05
2.27720737457e-05
2.28023529053e-05
2.28840112686e-05
2.2869348526e-05
2.28356122971e-05
2.28440761566e-05
2.28337049484e-05
2.28726863861e-05
2.28086709976e-05
2.29229927063e-05
2.28581428528e-05
2.29235887527e-05
2.28185653687e-05
2.30503082275e-05
2.28790044785e-05
2.29657888412e-05
2.28626728058e-05
2.30176448822e-05
2.29558944702e-05
2.31039524078e-05
2.2926568985e-05
2.29599475861e-05
2.29496955872e-05
2.29272842407e-05
2.28861570358e-05
2.30519771576e-05
2.29412317276e-05
2.28544473648e-05
2.2839307785e-05
2.28893756866e-05
2.29523181915e-05
2.29377746582e-05
2.2890329361e-05
2.29015350342e-05
2.29516029358e-05
2.31721401215e-05
2.29542255402e-05
2.29750871658e-05
2.28964090347e-05
2.31075286865e-05
2.29648351669e-05
2.30729579926e-05
2.29233503342e-05
2.30522155762e-05
2.28632688522e-05
2.30447053909e-05
2.29861736298e-05
2.30668783188e-05
2.28953361511e-05
2.30430364609e-05
2.28786468506e-05
2.30778455734e-05
2.29289531708e-05
2.30768918991e-05
2.29158401489e-05
2.29269266129e-05
2.29711532593e-05
2.29856967926e-05
2.30023860931e-05
2.2945523262e-05
2.29687690735e-05
2.29511260986e-05
2.30097770691e-05
2.30051279068e-05
2.31913328171e-05
2.32050418854e-05
2.3072719574e-05
2.30152606964e-05
2.3001909256e-05
2.30141878128e-05
2.29879617691e-05
2.30593681335e-05
2.3117184639e-05
2.30702161789e-05
2.42542028427e-05
2.31418609619e-05
2.29564905167e-05
2.30431556702e-05
2.30041742325e-05
2.29998826981e-05
2.30227708817e-05
2.2979259491e-05
2.29448080063e-05
2.29793787003e-05
2.29958295822e-05
2.29513645172e-05
2.29654312134e-05
2.30122804642e-05
2.30393409729e-05
2.30067968369e-05
2.29654312134e-05
2.30377912521e-05
2.29799747467e-05
2.30073928833e-05
2.29885578156e-05
2.2956609726e-05
2.29741334915e-05
2.2963643074e-05
2.29468345642e-05
2.3050904274e-05
2.31530666351e-05
2.31105089188e-05
2.29866504669e-05
2.30138301849e-05
2.29909420013e-05
2.29750871658e-05
2.29454040527e-05
2.29004621506e-05
2.30695009232e-05
2.30023860931e-05
2.29394435883e-05
2.30094194412e-05
2.29882001877e-05
2.29735374451e-05
2.44356393814e-05
2.30213403702e-05
2.30408906937e-05
2.30287313461e-05
2.30830907822e-05
2.29696035385e-05
2.30083465576e-05
2.30543613434e-05
2.30042934418e-05
2.29748487473e-05
2.30470895767e-05
2.30401754379e-05
2.30563879013e-05
2.29674577713e-05
2.31544971466e-05
2.3085474968e-05
2.3087978363e-05
2.30683088303e-05
2.29878425598e-05
2.29860544205e-05
2.31418609619e-05
2.30864286423e-05
2.30476856232e-05
2.30625867844e-05
2.30838060379e-05
2.34603881836e-05
2.31224298477e-05
2.31049060822e-05
2.31084823608e-05
2.30858325958e-05
2.31256484985e-05
2.31649875641e-05
2.30356454849e-05
2.30031013489e-05
2.30361223221e-05
2.29915380478e-05
2.30087041855e-05
2.30293273926e-05
2.30238437653e-05
2.30839252472e-05
2.29417085648e-05
2.44377851486e-05
2.31938362122e-05
2.32104063034e-05
2.30828523636e-05
2.30596065521e-05
2.30934619904e-05
2.30582952499e-05
2.30516195297e-05
2.30669975281e-05
2.30239629745e-05
2.30377912521e-05
2.30717658997e-05
2.30586528778e-05
2.30691432953e-05
2.30891704559e-05
2.30195522308e-05
2.30914354324e-05
2.34245061874e-05
2.31328010559e-05
2.31301784515e-05
2.31125354767e-05
2.31174230576e-05
2.31283903122e-05
2.31676101685e-05
2.31584310532e-05
2.30807065964e-05
2.32564210892e-05
2.31997966766e-05
2.3240685463e-05
2.32157707214e-05
2.31766700745e-05
2.31496095657e-05
2.30891704559e-05
2.30238437653e-05
2.30611562729e-05
2.30580568314e-05
2.30635404587e-05
2.32012271881e-05
2.30851173401e-05
2.37494707108e-05
2.31840610504e-05
2.31207609177e-05
2.30631828308e-05
2.29698419571e-05
2.30851173401e-05
2.31493711472e-05
2.31592655182e-05
2.31240987778e-05
2.31391191483e-05
2.31124162674e-05
2.31313705444e-05
2.30692625046e-05
2.30559110641e-05
2.30588912964e-05
2.30145454407e-05
2.30263471603e-05
2.30892896652e-05
2.30581760406e-05
2.30340957642e-05
2.30838060379e-05
2.30489969254e-05
2.30462551117e-05
2.31063365936e-05
2.30805873871e-05
2.3101568222e-05
2.30811834335e-05
2.37307548523e-05
2.3436665535e-05
2.31370925903e-05
2.33013629913e-05
2.31759548187e-05
2.31158733368e-05
2.30669975281e-05
2.30944156647e-05
2.30810642242e-05
2.3432970047e-05
2.31972932816e-05
2.31598615646e-05
2.42434740067e-05
2.33051776886e-05
2.31112241745e-05
2.31471061707e-05
2.31175422668e-05
2.30855941772e-05
2.31871604919e-05
2.30855941772e-05
2.30973958969e-05
2.30647325516e-05
2.31490135193e-05
2.30718851089e-05
2.30468511581e-05
2.31798887253e-05
2.32167243958e-05
2.32322216034e-05
2.30944156647e-05
2.31835842133e-05
2.32312679291e-05
2.32501029968e-05
2.32170820236e-05
2.32297182083e-05
2.31863260269e-05
2.32412815094e-05
2.31201648712e-05
2.31194496155e-05
2.32976675034e-05
2.31537818909e-05
2.50705480576e-05
2.3427605629e-05
2.32739448547e-05
2.34124660492e-05
2.32802629471e-05
2.32726335526e-05
2.31554508209e-05
2.32473611832e-05
2.32008695602e-05
2.32009887695e-05
2.32545137405e-05
2.33302116394e-05
2.32471227646e-05
2.50972509384e-05
2.32313871384e-05
2.31883525848e-05
2.31976509094e-05
2.31332778931e-05
2.31568813324e-05
2.31168270111e-05
2.31374502182e-05
2.31139659882e-05
2.31615304947e-05
2.31400728226e-05
2.31833457947e-05
2.32182741165e-05
2.31380462646e-05
2.31341123581e-05
2.32720375061e-05
2.31598615646e-05
2.30617523193e-05
2.31239795685e-05
2.30906009674e-05
2.30783224106e-05
2.30269432068e-05
2.30338573456e-05
2.30708122253e-05
2.30965614319e-05
2.31209993362e-05
2.32154130936e-05
2.32342481613e-05
2.32220888138e-05
2.3241519928e-05
2.3184299469e-05
2.33837366104e-05
2.31838226318e-05
2.3223400116e-05
2.31833457947e-05
2.31565237045e-05
2.31848955154e-05
2.3246884346e-05
2.32361555099e-05
2.3184299469e-05
2.5340795517e-05
2.32102870941e-05
2.31745243073e-05
2.32104063034e-05
2.31764316559e-05
2.31240987778e-05
2.31462717056e-05
2.31555700302e-05
2.30873823166e-05
2.31521129608e-05
2.31517553329e-05
2.31778621674e-05
2.32038497925e-05
2.31591463089e-05
2.31595039368e-05
2.37785577774e-05
2.31721401215e-05
2.31373310089e-05
2.31720209122e-05
2.32297182083e-05
2.31651067734e-05
2.31533050537e-05
2.31897830963e-05
2.31441259384e-05
2.31562852859e-05
2.33619213104e-05
2.33091115952e-05
2.3218870163e-05
2.31891870499e-05
2.31829881668e-05
2.33013629913e-05
2.31720209122e-05
2.33325958252e-05
2.32223272324e-05
2.31308937073e-05
2.3183465004e-05
2.32799053192e-05
2.34453678131e-05
2.3174405098e-05
2.33649015427e-05
2.32286453247e-05
2.33676433563e-05
2.31968164444e-05
2.31647491455e-05
2.31599807739e-05
2.33407020569e-05
2.31468677521e-05
2.32309103012e-05
2.31676101685e-05
2.32874155045e-05
2.32182741165e-05
2.32347249985e-05
2.3184299469e-05
2.32281684875e-05
2.33019590378e-05
2.32388973236e-05
2.32191085815e-05
2.34035253525e-05
2.32917070389e-05
2.32982635498e-05
2.32619047165e-05
2.32839584351e-05
2.34025716782e-05
2.33132839203e-05
2.32837200165e-05
2.33753919601e-05
2.33924388885e-05
2.32652425766e-05
2.32244729996e-05
2.32049226761e-05
2.3320555687e-05
2.32795476913e-05
2.32560634613e-05
2.31995582581e-05
2.31883525848e-05
2.32672691345e-05
2.32447385788e-05
2.32809782028e-05
2.33389139175e-05
2.33778953552e-05
2.44828462601e-05
2.33526229858e-05
2.32825279236e-05
2.33397483826e-05
2.34462022781e-05
2.33141183853e-05
2.32793092728e-05
2.32433080673e-05
2.33000516891e-05
2.32163667679e-05
2.32383012772e-05
2.32797861099e-05
2.3353934288e-05
2.32375860214e-05
2.32490301132e-05
2.325963974e-05
2.33572721481e-05
2.33088731766e-05
2.32738256454e-05
2.32756137848e-05
2.32489109039e-05
2.34888792038e-05
2.32043266296e-05
2.32597589493e-05
2.326130867e-05
2.3433804512e-05
2.32795476913e-05
2.39018201828e-05
2.49931812286e-05
2.33279466629e-05
2.34180688858e-05
2.32532024384e-05
2.32063531876e-05
2.3295879364e-05
2.32871770859e-05
2.3598074913e-05
2.34471559525e-05
2.33036279678e-05
2.34706401825e-05
2.34839916229e-05
2.33676433563e-05
2.33142375946e-05
2.33397483826e-05
2.32616662979e-05
2.3308634758e-05
2.32794284821e-05
2.33391523361e-05
2.33051776886e-05
2.33310461044e-05
2.37340927124e-05
2.33079195023e-05
2.33113765717e-05
2.32504606247e-05
2.33628749847e-05
2.33035087585e-05
2.33753919601e-05
2.33148336411e-05
2.33433246613e-05
2.33197212219e-05
2.33626365662e-05
2.32805013657e-05
2.3298740387e-05
2.33217477798e-05
2.33374834061e-05
2.34028100967e-05
2.34684944153e-05
2.33970880508e-05
2.35247612e-05
2.33966112137e-05
2.34532356262e-05
2.34030485153e-05
2.32746601105e-05
2.32157707214e-05
2.32219696045e-05
2.31313705444e-05
2.32481956482e-05
2.33047008514e-05
2.32236385345e-05
2.62577533722e-05
2.33110189438e-05
2.33913660049e-05
2.32772827148e-05
2.32793092728e-05
2.33445167542e-05
2.32576131821e-05
2.33324766159e-05
2.32162475586e-05
2.3323059082e-05
2.32598781586e-05
2.34031677246e-05
2.32472419739e-05
2.32397317886e-05
2.32539176941e-05
2.3295044899e-05
2.32957601547e-05
2.31884717941e-05
2.32571363449e-05
2.32787132263e-05
2.33088731766e-05
2.32261419296e-05
2.32940912247e-05
2.32828855515e-05
2.32694149017e-05
2.31964588165e-05
2.31714248657e-05
2.56437063217e-05
2.36015319824e-05
2.31243371964e-05
2.30985879898e-05
2.32200622559e-05
2.36892700195e-05
2.34673023224e-05
2.31157541275e-05
2.30667591095e-05
2.31326818466e-05
2.30518579483e-05
2.30071544647e-05
2.30114459991e-05
2.30252742767e-05
2.30827331543e-05
2.30405330658e-05
2.29866504669e-05
2.30939388275e-05
2.30849981308e-05
2.31736898422e-05
2.30658054352e-05
2.30561494827e-05
2.30816602707e-05
2.30699777603e-05
2.30829715729e-05
2.31213569641e-05
2.3131608963e-05
2.30965614319e-05
2.31119394302e-05
2.31148004532e-05
2.31176614761e-05
2.31084823608e-05
2.31232643127e-05
2.30702161789e-05
2.30427980423e-05
2.3055434227e-05
2.31436491013e-05
2.30284929276e-05
2.30129957199e-05
2.30048894882e-05
2.30604410172e-05
2.30810642242e-05
2.38794088364e-05
2.31907367706e-05
2.30487585068e-05
2.32793092728e-05
2.32379436493e-05
2.31751203537e-05
2.31953859329e-05
2.31411457062e-05
2.319252491e-05
2.3116350174e-05
2.31988430023e-05
2.31717824936e-05
2.4884223938e-05
2.32603549957e-05
2.31907367706e-05
2.32167243958e-05
2.31412649155e-05
2.32000350952e-05
2.31812000275e-05
2.31983661652e-05
2.31816768646e-05
2.32055187225e-05
2.32148170471e-05
2.32771635056e-05
2.32692956924e-05
2.32684612274e-05
2.32837200165e-05
2.32547521591e-05
2.32543945313e-05
2.32483148575e-05
2.32224464417e-05
2.32735872269e-05
2.32653617859e-05
2.32274532318e-05
2.32342481613e-05
2.32408046722e-05
2.32717990875e-05
2.32702493668e-05
2.34048366547e-05
2.33002901077e-05
2.32957601547e-05
2.33730077744e-05
2.33601331711e-05
2.33497619629e-05
2.35184431076e-05
2.32799053192e-05
2.32683420181e-05
2.32427120209e-05
2.32725143433e-05
2.32487916946e-05
2.32455730438e-05
2.33536958694e-05
2.370262146e-05
2.36203670502e-05
2.32949256897e-05
2.32900381088e-05
2.32245922089e-05
2.3167014122e-05
2.32489109039e-05
2.32359170914e-05
2.31764316559e-05
2.319419384e-05
2.32139825821e-05
2.31889486313e-05
2.31565237045e-05
2.31643915176e-05
2.31666564941e-05
2.3118853569e-05
2.31823921204e-05
2.32036113739e-05
2.31908559799e-05
2.31642723083e-05
2.31922864914e-05
2.31531858444e-05
2.31735706329e-05
2.31901407242e-05
2.32156515121e-05
2.31794118881e-05
2.33619213104e-05
2.33248472214e-05
2.32672691345e-05
2.32656002045e-05
2.33516693115e-05
2.34991312027e-05
2.35223770142e-05
2.32142210007e-05
2.32421159744e-05
2.32410430908e-05
2.62665748596e-05
2.33706235886e-05
2.33651399612e-05
2.33545303345e-05
2.50331163406e-05
2.68436670303e-05
2.32173204422e-05
2.35991477966e-05
2.90032625198e-05
3.69462966919e-05
2.44913101196e-05
2.46204137802e-05
2.43079662323e-05
2.32548713684e-05
2.32746601105e-05
2.32611894608e-05
2.3321390152e-05
2.33319997787e-05
2.33014822006e-05
2.32605934143e-05
2.34371423721e-05
2.53715515137e-05
2.44584083557e-05
2.33918428421e-05
2.35557556152e-05
2.37035751343e-05
2.42035388947e-05
2.40796804428e-05
2.45450735092e-05
2.41706371307e-05
2.36867666245e-05
2.41119861603e-05
2.47138738632e-05
2.39650011063e-05
2.43458747864e-05
2.45581865311e-05
2.41911411285e-05
2.47066020966e-05
2.40366458893e-05
2.34339237213e-05
2.35098600388e-05
2.32964754105e-05
2.32837200165e-05
2.32207775116e-05
2.32986211777e-05
2.34000682831e-05
2.33571529388e-05
2.32186317444e-05
2.31592655182e-05
2.32186317444e-05
2.32176780701e-05
2.32118368149e-05
2.32254266739e-05
2.31873989105e-05
2.32131481171e-05
2.31671333313e-05
2.3185968399e-05
2.32079029083e-05
2.31899023056e-05
2.31674909592e-05
2.31980085373e-05
2.32262611389e-05
2.33122110367e-05
2.32919454575e-05
2.32553482056e-05
2.32063531876e-05
2.31935977936e-05
2.31897830963e-05
2.31994390488e-05
2.31844186783e-05
2.31990814209e-05
2.32269763947e-05
2.35251188278e-05
2.31813192368e-05
2.31704711914e-05
2.35613584518e-05
2.36324071884e-05
2.34253406525e-05
2.32579708099e-05
2.33652591705e-05
2.33052968979e-05
2.31649875641e-05
2.3175239563e-05
2.31620073318e-05
2.31267213821e-05
2.33030319214e-05
2.33460664749e-05
2.32391357422e-05
2.32692956924e-05
2.32253074646e-05
2.31951475143e-05
2.323782444e-05
2.32310295105e-05
2.3215174675e-05
2.31615304947e-05
2.31770277023e-05
2.31158733368e-05
2.31996774673e-05
2.319419384e-05
2.32442617416e-05
2.32056379318e-05
2.32582092285e-05
2.3238658905e-05
2.32433080673e-05
2.32398509979e-05
2.3277759552e-05
2.32433080673e-05
2.32768058777e-05
2.32976675034e-05
2.32892036438e-05
2.32790708542e-05
2.3243188858e-05
2.32700109482e-05
2.31736898422e-05
2.33606100082e-05
2.35184431076e-05
2.33197212219e-05
2.32779979706e-05
2.33291387558e-05
2.37499475479e-05
2.35766172409e-05
2.32081413269e-05
2.32429504395e-05
2.32166051865e-05
2.31971740723e-05
2.32107639313e-05
2.32048034668e-05
2.33091115952e-05
2.39419937134e-05
2.50099897385e-05
2.33416557312e-05
2.33451128006e-05
2.33268737793e-05
2.32870578766e-05
2.32938528061e-05
2.33944654465e-05
2.33718156815e-05
2.33944654465e-05
2.33294963837e-05
2.33269929886e-05
2.33192443848e-05
2.3269534111e-05
2.3317694664e-05
2.33023166656e-05
2.33098268509e-05
2.33087539673e-05
2.33024358749e-05
2.32988595963e-05
2.33292579651e-05
2.32989788055e-05
2.33594179153e-05
2.332675457e-05
2.33180522919e-05
2.33370065689e-05
2.3332118988e-05
2.34993696213e-05
2.35174894333e-05
2.3308634758e-05
2.33246088028e-05
2.32702493668e-05
2.34863758087e-05
2.3286819458e-05
2.32455730438e-05
2.32086181641e-05
2.32689380646e-05
2.32681035995e-05
2.32797861099e-05
2.31993198395e-05
2.32861042023e-05
2.32677459717e-05
2.39156484604e-05
2.32900381088e-05
2.38244533539e-05
2.31380462646e-05
2.30917930603e-05
2.30654478073e-05
2.30482816696e-05
2.30692625046e-05
2.31006145477e-05
2.30370759964e-05
2.31237411499e-05
2.30776071548e-05
2.31386423111e-05
2.310526371e-05
2.30894088745e-05
2.30699777603e-05
2.30680704117e-05
2.30844020844e-05
2.30640172958e-05
2.30720043182e-05
2.31003761292e-05
2.3099899292e-05
2.31418609619e-05
2.32126712799e-05
2.31955051422e-05
2.32484340668e-05
2.33956575394e-05
2.32243537903e-05
2.31648683548e-05
2.32148170471e-05
2.35636234283e-05
2.31465101242e-05
2.31709480286e-05
2.31676101685e-05
2.32471227646e-05
2.31332778931e-05
2.34382152557e-05
2.32405662537e-05
2.32653617859e-05
2.35195159912e-05
2.3332118988e-05
2.32408046722e-05
2.33002901077e-05
2.33640670776e-05
2.32447385788e-05
2.32508182526e-05
2.32712030411e-05
2.32794284821e-05
2.3241519928e-05
2.31969356537e-05
2.32180356979e-05
2.32017040253e-05
2.33070850372e-05
2.32191085815e-05
2.33441591263e-05
2.31823921204e-05
2.32013463974e-05
2.31764316559e-05
2.31502056122e-05
2.31255292892e-05
2.32561826706e-05
2.31989622116e-05
2.317237854e-05
2.31382846832e-05
2.32059955597e-05
2.32479572296e-05
2.33472585678e-05
2.32837200165e-05
2.33087539673e-05
2.32214927673e-05
2.37632989883e-05
2.3486495018e-05
2.32009887695e-05
2.31481790543e-05
2.31690406799e-05
2.31654644012e-05
2.31703519821e-05
2.32824087143e-05
2.32374668121e-05
2.31740474701e-05
2.54303216934e-05
2.32924222946e-05
2.32399702072e-05
2.32418775558e-05
2.32568979263e-05
2.32086181641e-05
2.3238658905e-05
2.32297182083e-05
2.32260227203e-05
2.31946706772e-05
2.32107639313e-05
2.31679677963e-05
2.32244729996e-05
2.32187509537e-05
2.32491493225e-05
2.32111215591e-05
2.32206583023e-05
2.31570005417e-05
2.31989622116e-05
2.31755971909e-05
2.31677293777e-05
2.3149728775e-05
2.31642723083e-05
2.32135057449e-05
2.32170820236e-05
2.32329368591e-05
2.32428312302e-05
2.35661268234e-05
2.32857465744e-05
2.33869552612e-05
2.32603549957e-05
2.34355926514e-05
2.3361325264e-05
2.32027769089e-05
2.32057571411e-05
2.31429338455e-05
2.31626033783e-05
2.31581926346e-05
2.32717990875e-05
2.32263803482e-05
2.32647657394e-05
2.32696533203e-05
2.32374668121e-05
2.32064723969e-05
2.32237577438e-05
2.32422351837e-05
2.32375860214e-05
2.3216843605e-05
2.32142210007e-05
2.32377052307e-05
2.33072042465e-05
2.32940912247e-05
2.32758522034e-05
2.32784748077e-05
2.32459306717e-05
2.32261419296e-05
2.3246049881e-05
2.32465267181e-05
2.32501029968e-05
2.32392549515e-05
2.32286453247e-05
2.32651233673e-05
2.32644081116e-05
2.32564210892e-05
2.32521295547e-05
2.3255109787e-05
2.3308634758e-05
2.35605239868e-05
2.33101844788e-05
2.33249664307e-05
2.33163833618e-05
2.34000682831e-05
2.33064889908e-05
2.32467651367e-05
2.33798027039e-05
2.33324766159e-05
2.32706069946e-05
2.33577489853e-05
2.33813524246e-05
2.32760906219e-05
2.36554145813e-05
2.32491493225e-05
2.32795476913e-05
2.33558416367e-05
2.8692483902e-05
2.60583162308e-05
2.45400667191e-05
2.33105421066e-05
2.38782167435e-05
2.44779586792e-05
3.08760404587e-05
5.00984191895e-05
2.8263926506e-05
2.33016014099e-05
2.33559608459e-05
2.33770608902e-05
2.32673883438e-05
2.33641862869e-05
2.34142541885e-05
2.33435630798e-05
2.33396291733e-05
2.3320555687e-05
2.33132839203e-05
2.33674049377e-05
2.33204364777e-05
2.32840776443e-05
2.33988761902e-05
2.35376358032e-05
2.33286619186e-05
2.33869552612e-05
2.33519077301e-05
2.36610174179e-05
2.34206914902e-05
2.33546495438e-05
2.32067108154e-05
2.32040882111e-05
2.32483148575e-05
2.31901407242e-05
2.32484340668e-05
2.33355760574e-05
2.32555866241e-05
2.43855714798e-05
2.34000682831e-05
2.32871770859e-05
2.33399868011e-05
2.32735872269e-05
2.32963562012e-05
2.32717990875e-05
2.33025550842e-05
2.32928991318e-05
2.32731103897e-05
2.32530832291e-05
2.32547521591e-05
2.32861042023e-05
2.32261419296e-05
2.32654809952e-05
2.38735675812e-05
2.32788324356e-05
2.39317417145e-05
2.34166383743e-05
2.34436988831e-05
2.34694480896e-05
2.34814882278e-05
2.34538316727e-05
2.35033035278e-05
2.34431028366e-05
2.34670639038e-05
2.35273838043e-05
2.35396623611e-05
2.34626531601e-05
2.34526395798e-05
2.34446525574e-05
2.35522985458e-05
2.34596729279e-05
2.34315395355e-05
2.34044790268e-05
2.34262943268e-05
2.34570503235e-05
2.34657526016e-05
2.34256982803e-05
2.34882831573e-05
2.34595537186e-05
2.34956741333e-05
2.34432220459e-05
2.34371423721e-05
2.34081745148e-05
2.34978199005e-05
2.33932733536e-05
2.33746767044e-05
2.33664512634e-05
2.3402929306e-05
2.33788490295e-05
2.33886241913e-05
2.33483314514e-05
2.33418941498e-05
2.33460664749e-05
2.33536958694e-05
2.33107805252e-05
2.33829021454e-05
2.33690738678e-05
2.33521461487e-05
2.33476161957e-05
2.3396730423e-05
2.33528614044e-05
2.33768224716e-05
2.33591794968e-05
2.33991146088e-05
2.34603881836e-05
2.35399007797e-05
2.34271287918e-05
2.3569226265e-05
2.35602855682e-05
2.33769416809e-05
2.33441591263e-05
2.35127210617e-05
2.33889818192e-05
2.3445725441e-05
2.34715938568e-05
2.34019756317e-05
2.35524177551e-05
2.35517024994e-05
2.34880447388e-05
2.34884023666e-05
2.34268903732e-05
2.34615802765e-05
2.34258174896e-05
2.34212875366e-05
2.33688354492e-05
2.33960151672e-05
2.34187841415e-05
2.34581232071e-05
2.34161615372e-05
2.34359502792e-05
2.34578847885e-05
2.34477519989e-05
2.34658718109e-05
2.35086679459e-05
2.3498415947e-05
2.34740972519e-05
2.34581232071e-05
2.34588384628e-05
2.34432220459e-05
2.34738588333e-05
2.34746932983e-05
2.34950780869e-05
2.35114097595e-05
2.35831737518e-05
2.34874486923e-05
2.35790014267e-05
2.3467540741e-05
2.37149000168e-05
2.36731767654e-05
2.35805511475e-05
2.34003067017e-05
2.34386920929e-05
2.34595537186e-05
2.34216451645e-05
2.34183073044e-05
2.35208272934e-05
2.34262943268e-05
2.37603187561e-05
2.35055685043e-05
2.34273672104e-05
2.34348773956e-05
2.34307050705e-05
2.33690738678e-05
2.34361886978e-05
2.34072208405e-05
2.34316587448e-05
2.33713388443e-05
2.34124660492e-05
2.33869552612e-05
2.34061479568e-05
2.34444141388e-05
2.34460830688e-05
2.34507322311e-05
2.34811306e-05
2.34206914902e-05
2.34167575836e-05
2.34092473984e-05
2.34056711197e-05
2.40141153336e-05
2.34370231628e-05
2.34076976776e-05
2.34349966049e-05
2.34075784683e-05
2.35733985901e-05
2.35468149185e-05
2.3582816124e-05
2.35248804092e-05
2.35117673874e-05
2.36902236938e-05
2.34816074371e-05
2.34005451202e-05
2.3421049118e-05
2.34115123749e-05
2.34410762787e-05
2.34138965607e-05
2.35325098038e-05
2.56299972534e-05
2.36783027649e-05
2.35213041306e-05
2.35410928726e-05
2.34917402267e-05
2.3505449295e-05
2.34673023224e-05
2.3489356041e-05
2.34633684158e-05
2.35147476196e-05
2.34659910202e-05
2.34756469727e-05
2.34470367432e-05
2.34699249268e-05
2.34540700912e-05
2.34429836273e-05
2.3472905159e-05
2.34642028809e-05
2.35011577606e-05
2.34748125076e-05
2.34795808792e-05
2.35801935196e-05
2.35381126404e-05
2.35991477966e-05
2.35356092453e-05
2.35747098923e-05
2.35515832901e-05
2.36842632294e-05
2.35959291458e-05
2.36749649048e-05
2.35563516617e-05
2.36862897873e-05
2.36217975616e-05
2.35254764557e-05
2.34879255295e-05
2.35302448273e-05
2.34723091125e-05
2.35084295273e-05
2.35623121262e-05
2.35266685486e-05
2.38770246506e-05
2.35215425491e-05
2.35477685928e-05
2.3579955101e-05
2.35041379929e-05
2.35458612442e-05
2.34930515289e-05
2.34870910645e-05
2.34566926956e-05
2.34999656677e-05
2.35041379929e-05
2.34799385071e-05
2.34837532043e-05
2.35048532486e-05
2.34885215759e-05
2.348279953e-05
2.34688520432e-05
2.34837532043e-05
2.34881639481e-05
2.3493885994e-05
2.34876871109e-05
2.34851837158e-05
2.34997272491e-05
2.35031843185e-05
2.34681367874e-05
2.34740972519e-05
2.3545384407e-05
2.35424041748e-05
2.35534906387e-05
2.36393213272e-05
2.35834121704e-05
2.37363576889e-05
2.3720741272e-05
2.36684083939e-05
2.34756469727e-05
2.34565734863e-05
2.34208106995e-05
2.34477519989e-05
2.3420214653e-05
2.35086679459e-05
2.34551429749e-05
2.3773431778e-05
2.35053300858e-05
2.3533821106e-05
2.35078334808e-05
2.34936475754e-05
2.35487222672e-05
2.35161781311e-05
2.35280990601e-05
2.34973430634e-05
2.34954357147e-05
2.34850645065e-05
2.34925746918e-05
2.35031843185e-05
2.34841108322e-05
2.34760046005e-05
2.34496593475e-05
2.346098423e-05
2.34688520432e-05
2.34577655792e-05
2.34532356262e-05
2.3463845253e-05
2.34272480011e-05
2.34886407852e-05
2.34832763672e-05
2.34503746033e-05
2.34521627426e-05
2.36296653748e-05
2.41461992264e-05
2.37036943436e-05
2.35096216202e-05
2.36365795135e-05
2.37073898315e-05
2.35034227371e-05
2.3512840271e-05
2.35114097595e-05
2.34993696213e-05
2.36749649048e-05
2.35726833344e-05
2.35574245453e-05
2.38592624664e-05
2.36080884933e-05
2.35357284546e-05
2.35322713852e-05
2.35369205475e-05
2.35466957092e-05
2.3514509201e-05
2.35106945038e-05
2.34866142273e-05
2.35295295715e-05
2.35552787781e-05
2.35650539398e-05
2.35306024551e-05
2.35342979431e-05
2.35193967819e-05
2.35197544098e-05
2.35097408295e-05
2.3514509201e-05
2.35195159912e-05
2.35533714294e-05
2.35216617584e-05
2.35447883606e-05
2.35384702682e-05
2.35366821289e-05
2.34767198563e-05
2.34748125076e-05
2.34618186951e-05
2.37053632736e-05
2.35303640366e-05
2.3521900177e-05
2.34962701797e-05
2.35729217529e-05
2.3698091507e-05
2.35965251923e-05
2.35517024994e-05
2.35460996628e-05
2.36002206802e-05
2.34824419022e-05
2.35018730164e-05
2.36061811447e-05
2.35861539841e-05
2.49402523041e-05
2.35220193863e-05
2.3544549942e-05
2.3602604866e-05
2.35384702682e-05
2.35221385956e-05
2.35306024551e-05
2.35797166824e-05
2.35300064087e-05
2.35265493393e-05
2.35235691071e-05
2.35226154327e-05
2.36234664917e-05
2.34775543213e-05
2.35008001328e-05
2.35568284988e-05
2.359354496e-05
2.35464572906e-05
2.35834121704e-05
2.35729217529e-05
2.35894918442e-05
2.3521900177e-05
2.35096216202e-05
2.35282182693e-05
2.35790014267e-05
2.35863924026e-05
2.36741304398e-05
2.3611664772e-05
2.37618684769e-05
2.35248804092e-05
2.37318277359e-05
2.36656665802e-05
2.36183404922e-05
2.36027240753e-05
2.35996246338e-05
2.3576259613e-05
2.35639810562e-05
2.35748291016e-05
2.36545801163e-05
2.35658884048e-05
2.48930454254e-05
2.37642526627e-05
2.3598074913e-05
2.35768556595e-05
2.35617160797e-05
2.36504077911e-05
2.35372781754e-05
2.35111713409e-05
2.34884023666e-05
2.35176086426e-05
2.35471725464e-05
2.34886407852e-05
2.35247612e-05
2.35283374786e-05
2.36432552338e-05
2.36848592758e-05
2.35750675201e-05
2.3547410965e-05
2.36340761185e-05
2.35511064529e-05
2.35805511475e-05
2.35353708267e-05
2.35874652863e-05
2.35575437546e-05
2.35401391983e-05
2.3513674736e-05
2.36755609512e-05
2.37315893173e-05
2.42532491684e-05
2.35805511475e-05
2.35891342163e-05
2.3698925972e-05
2.35315561295e-05
2.35288143158e-05
2.35497951508e-05
2.35364437103e-05
2.35894918442e-05
2.35818624496e-05
2.35300064087e-05
2.48595476151e-05
2.36982107162e-05
2.35934257507e-05
2.38614082336e-05
2.36171483994e-05
2.35855579376e-05
2.35484838486e-05
2.35772132874e-05
2.35600471497e-05
2.35768556595e-05
2.35323905945e-05
2.35155820847e-05
2.35241651535e-05
2.35511064529e-05
2.35146284103e-05
2.35251188278e-05
2.35254764557e-05
2.35720872879e-05
2.36110687256e-05
2.35702991486e-05
2.36301422119e-05
2.36018896103e-05
2.35813856125e-05
2.35508680344e-05
2.35967636108e-05
2.36029624939e-05
2.35887765884e-05
2.37177610397e-05
2.36483812332e-05
2.3588180542e-05
2.35155820847e-05
2.35503911972e-05
2.37567424774e-05
2.36873626709e-05
2.35493183136e-05
2.35468149185e-05
2.35185623169e-05
2.36155986786e-05
2.36093997955e-05
2.36347913742e-05
2.56587266922e-05
2.35936641693e-05
2.36166715622e-05
2.35657691956e-05
2.35625505447e-05
2.36433744431e-05
2.35174894333e-05
2.36177444458e-05
2.35697031021e-05
2.35850811005e-05
2.35521793365e-05
2.36015319824e-05
2.35298871994e-05
2.35018730164e-05
2.34979391098e-05
2.36065387726e-05
2.35631465912e-05
2.35390663147e-05
2.35447883606e-05
2.35636234283e-05
2.35167741776e-05
2.35847234726e-05
2.35247612e-05
2.36797332764e-05
2.36029624939e-05
2.35643386841e-05
2.54378318787e-05
2.37146615982e-05
2.37417221069e-05
2.37810611725e-05
2.37038135529e-05
2.37699747086e-05
2.3758649826e-05
2.36333608627e-05
2.35424041748e-05
2.35632658005e-05
2.36612558365e-05
2.36021280289e-05
2.35821008682e-05
2.37004756927e-05
2.35608816147e-05
2.49137878418e-05
2.36008167267e-05
2.35434770584e-05
2.35753059387e-05
2.36461162567e-05
2.35587358475e-05
2.36611366272e-05
2.36352682114e-05
2.36752033234e-05
2.35962867737e-05
2.36330032349e-05
2.35772132874e-05
2.366065979e-05
2.3536324501e-05
2.36220359802e-05
2.35776901245e-05
2.36322879791e-05
2.36080884933e-05
2.3587346077e-05
2.35795974731e-05
2.36120223999e-05
2.36293077469e-05
2.35830545425e-05
2.35748291016e-05
2.35863924026e-05
2.3756980896e-05
2.37712860107e-05
2.37568616867e-05
2.37942934036e-05
2.36577987671e-05
2.37072706223e-05
2.3574590683e-05
2.35471725464e-05
2.3633480072e-05
2.35226154327e-05
2.35109329224e-05
2.35390663147e-05
2.36195325851e-05
2.3656129837e-05
2.35614776611e-05
2.35513448715e-05
2.35657691956e-05
2.36310958862e-05
2.35477685928e-05
2.35583782196e-05
2.35522985458e-05
2.35896110535e-05
2.36164331436e-05
2.36213207245e-05
2.35952138901e-05
2.3659825325e-05
2.36024856567e-05
2.36109495163e-05
2.35891342163e-05
2.36662626266e-05
2.36358642578e-05
2.35939025879e-05
2.35596895218e-05
2.35984325409e-05
2.36159563065e-05
2.35830545425e-05
2.35757827759e-05
2.35902070999e-05
2.36457586288e-05
2.36569643021e-05
2.37729549408e-05
2.37567424774e-05
2.37402915955e-05
2.36270427704e-05
2.40776538849e-05
2.39803791046e-05
2.37070322037e-05
2.36953496933e-05
2.3650765419e-05
2.36724615097e-05
2.38318443298e-05
2.37662792206e-05
2.36698389053e-05
2.45941877365e-05
2.38461494446e-05
2.36351490021e-05
2.36191749573e-05
2.35781669617e-05
2.35680341721e-05
2.35887765884e-05
2.35778093338e-05
2.35958099365e-05
2.35468149185e-05
2.35792398453e-05
2.36059427261e-05
2.37203836441e-05
2.37694978714e-05
2.35617160797e-05
2.35605239868e-05
2.3533821106e-05
2.35635042191e-05
2.35553979874e-05
2.35921144485e-05
2.3530125618e-05
2.3522734642e-05
2.35812664032e-05
2.35706567764e-05
2.35419273376e-05
2.35549211502e-05
2.37938165665e-05
2.36641168594e-05
2.37649679184e-05
2.36459970474e-05
2.38054990768e-05
2.48588323593e-05
2.36093997955e-05
2.35767364502e-05
2.36443281174e-05
2.3601770401e-05
2.36028432846e-05
2.36939191818e-05
2.36572027206e-05
2.35906839371e-05
2.46062278748e-05
2.35882997513e-05
2.36747264862e-05
2.3561000824e-05
2.37381458282e-05
2.36119031906e-05
2.3693561554e-05
2.36008167267e-05
2.3738861084e-05
2.37003564835e-05
2.37791538239e-05
2.36550569534e-05
2.36378908157e-05
2.36878395081e-05
2.36456394196e-05
2.37715244293e-05
2.3775100708e-05
2.37300395966e-05
2.37201452255e-05
2.36722230911e-05
2.59013175964e-05
2.37264633179e-05
2.3686170578e-05
2.36241817474e-05
2.36647129059e-05
2.36647129059e-05
2.37210988998e-05
2.53905057907e-05
2.42369174957e-05
2.37315893173e-05
2.36126184464e-05
2.3552775383e-05
2.35826969147e-05
2.36256122589e-05
2.35286951065e-05
2.34926939011e-05
2.35341787338e-05
2.37619876862e-05
2.36196517944e-05
2.35886573792e-05
2.35956907272e-05
2.35506296158e-05
2.35869884491e-05
2.35619544983e-05
2.35582590103e-05
2.35496759415e-05
2.3569226265e-05
2.35058069229e-05
2.35366821289e-05
2.35525369644e-05
2.35615968704e-05
2.35769748688e-05
2.35693454742e-05
2.35664844513e-05
2.35714912415e-05
2.3547410965e-05
2.35580205917e-05
2.38530635834e-05
2.36277580261e-05
2.36029624939e-05
2.35916376114e-05
2.3579955101e-05
2.35415697098e-05
2.35942602158e-05
2.35556364059e-05
2.357006073e-05
2.35342979431e-05
2.37065553665e-05
2.37938165665e-05
2.38971710205e-05
2.36277580261e-05
2.36914157867e-05
2.38680839539e-05
2.35769748688e-05
2.35705375671e-05
2.3604631424e-05
2.35780477524e-05
2.45757102966e-05
2.36539840698e-05
2.35766172409e-05
2.44323015213e-05
2.36818790436e-05
2.35806703568e-05
2.35729217529e-05
2.36165523529e-05
2.35651731491e-05
2.35742330551e-05
2.3547410965e-05
2.3561835289e-05
2.35362052917e-05
2.35334634781e-05
2.35443115234e-05
2.35583782196e-05
2.36104726791e-05
2.35689878464e-05
2.35493183136e-05
2.36239433289e-05
2.35790014267e-05
2.35538482666e-05
2.35857963562e-05
2.35794782639e-05
2.35756635666e-05
2.35588550568e-05
2.35539674759e-05
2.35589742661e-05
2.35875844955e-05
2.3582816124e-05
2.35483646393e-05
2.41428613663e-05
2.36368179321e-05
2.37671136856e-05
2.36473083496e-05
2.40203142166e-05
2.38119363785e-05
2.37354040146e-05
2.35580205917e-05
2.35503911972e-05
2.35394239426e-05
2.35605239868e-05
2.35975980759e-05
2.36501693726e-05
2.35775709152e-05
2.41314172745e-05
2.36048698425e-05
2.35586166382e-05
2.35575437546e-05
2.35826969147e-05
2.35342979431e-05
2.35888957977e-05
2.34878063202e-05
2.35413312912e-05
2.35447883606e-05
2.35418081284e-05
2.35155820847e-05
2.35433578491e-05
2.35793590546e-05
2.35800743103e-05
2.35375165939e-05
2.35055685043e-05
2.35229730606e-05
2.35288143158e-05
2.35139131546e-05
2.38420963287e-05
2.35650539398e-05
2.35880613327e-05
2.35701799393e-05
2.3557305336e-05
2.35388278961e-05
2.36138105392e-05
2.37216949463e-05
2.38399505615e-05
2.35512256622e-05
2.3518204689e-05
2.36113071442e-05
2.36278772354e-05
2.35506296158e-05
2.3570895195e-05
2.354824543e-05
2.35254764557e-05
2.35327482224e-05
2.35607624054e-05
2.35357284546e-05
2.45368480682e-05
2.36144065857e-05
2.3736000061e-05
2.37157344818e-05
2.35779285431e-05
2.36902236938e-05
2.35842466354e-05
2.36440896988e-05
2.35723257065e-05
2.35743522644e-05
2.3579955101e-05
2.35908031464e-05
2.36015319824e-05
2.35635042191e-05
2.35557556152e-05
2.36395597458e-05
2.44642496109e-05
2.36309766769e-05
2.36138105392e-05
2.36361026764e-05
2.36576795578e-05
2.35857963562e-05
2.35801935196e-05
2.36920118332e-05
2.37030982971e-05
2.36111879349e-05
2.37389802933e-05
2.38609313965e-05
2.37818956375e-05
2.3668885231e-05
2.37594842911e-05
2.3907661438e-05
2.36449241638e-05
2.35804319382e-05
2.35424041748e-05
2.35340595245e-05
2.36828327179e-05
2.370262146e-05
2.36166715622e-05
2.36765146255e-05
2.36176252365e-05
2.36029624939e-05
2.36339569092e-05
2.3633480072e-05
2.35948562622e-05
2.36023664474e-05
2.36110687256e-05
2.35915184021e-05
2.35936641693e-05
2.36146450043e-05
2.36123800278e-05
2.3600935936e-05
2.36128568649e-05
2.3628950119e-05
2.36206054688e-05
2.35489606857e-05
2.35512256622e-05
2.35496759415e-05
2.35842466354e-05
2.35695838928e-05
2.35478878021e-05
2.35599279404e-05
2.35588550568e-05
2.35496759415e-05
2.35686302185e-05
2.39437818527e-05
2.37017869949e-05
2.36186981201e-05
2.3579955101e-05
2.35197544098e-05
2.35604047775e-05
2.35065221786e-05
2.37083435059e-05
2.41507291794e-05
2.36321687698e-05
2.35183238983e-05
2.35232114792e-05
2.34844684601e-05
2.35201120377e-05
2.35042572021e-05
2.36648321152e-05
2.35370397568e-05
2.35495567322e-05
2.47594118118e-05
2.36842632294e-05
2.36183404922e-05
2.36053466797e-05
2.36355066299e-05
2.36319303513e-05
2.35978364944e-05
2.359354496e-05
2.35693454742e-05
2.3574590683e-05
2.35306024551e-05
2.3553609848e-05
2.35641002655e-05
2.35731601715e-05
2.35288143158e-05
2.35434770584e-05
2.35525369644e-05
2.35666036606e-05
2.35731601715e-05
2.35931873322e-05
2.36401557922e-05
2.36573219299e-05
2.35819816589e-05
2.36269235611e-05
2.36148834229e-05
2.35652923584e-05
2.35939025879e-05
2.37678289413e-05
2.38080024719e-05
2.3742556572e-05
2.36308574677e-05
2.37067937851e-05
2.37367153168e-05
2.36270427704e-05
2.35668420792e-05
2.35567092896e-05
2.35749483109e-05
2.35595703125e-05
2.35803127289e-05
2.36730575562e-05
2.3551940918e-05
2.44435071945e-05
2.35596895218e-05
2.36032009125e-05
2.35867500305e-05
2.36027240753e-05
2.35685110092e-05
2.35441923141e-05
2.35368013382e-05
2.35493183136e-05
2.35522985458e-05
2.35728025436e-05
2.35559940338e-05
2.35714912415e-05
2.35711336136e-05
2.35767364502e-05
2.35798358917e-05
2.35880613327e-05
2.50002145767e-05
2.52975225449e-05
2.42266654968e-05
2.47579813004e-05
3.15721035004e-05
3.08787822723e-05
3.11374664307e-05
2.44286060333e-05
2.61729955673e-05
3.94572019577e-05
2.38159894943e-05
2.66499519348e-05
2.37785577774e-05
2.36825942993e-05
2.47319936752e-05
2.41763591766e-05
2.37009525299e-05
2.36847400665e-05
2.51142978668e-05
2.38485336304e-05
2.43128538132e-05
2.3673415184e-05
2.44913101196e-05
2.56723165512e-05
2.62124538422e-05
2.57400274277e-05
2.92825698853e-05
2.46863365173e-05
3.11379432678e-05
2.38214731216e-05
2.36829519272e-05
2.36712694168e-05
2.36716270447e-05
2.36028432846e-05
2.37721204758e-05
2.35989093781e-05
2.36480236053e-05
2.36535072327e-05
2.36548185349e-05
2.36543416977e-05
2.36476659775e-05
2.36978530884e-05
2.36545801163e-05
2.3685336113e-05
2.36415863037e-05
2.36966609955e-05
2.36421823502e-05
2.37216949463e-05
2.36945152283e-05
2.37281322479e-05
2.40403413773e-05
2.38723754883e-05
2.38938331604e-05
2.38435268402e-05
2.37461328506e-05
2.42520570755e-05
2.40144729614e-05
2.37715244293e-05
2.36173868179e-05
2.37169265747e-05
2.37332582474e-05
2.36909389496e-05
2.36763954163e-05
2.37216949463e-05
2.36308574677e-05
2.50395536423e-05
2.37567424774e-05
2.3685336113e-05
2.36504077911e-05
2.37636566162e-05
2.37193107605e-05
2.36517190933e-05
2.35985517502e-05
2.361536026e-05
2.37296819687e-05
2.36600637436e-05
2.36042737961e-05
2.37326622009e-05
2.37196683884e-05
2.36539840698e-05
2.36362218857e-05
2.36304998398e-05
2.36699581146e-05
2.44911909103e-05
2.36498117447e-05
2.36166715622e-05
2.36222743988e-05
2.36934423447e-05
2.36282348633e-05
2.36446857452e-05
2.36042737961e-05
2.39369869232e-05
2.38661766052e-05
2.36587524414e-05
2.36496925354e-05
2.37432718277e-05
2.36349105835e-05
2.36775875092e-05
2.36293077469e-05
2.36759185791e-05
2.36104726791e-05
2.36883163452e-05
2.36693620682e-05
2.37519741058e-05
2.36537456512e-05
2.36240625381e-05
2.36694812775e-05
2.36747264862e-05
2.37451791763e-05
2.36784219742e-05
2.36757993698e-05
2.3674249649e-05
2.37690210342e-05
2.36948728561e-05
2.36383676529e-05
2.36486196518e-05
2.36955881119e-05
2.36413478851e-05
2.3610830307e-05
2.36538648605e-05
2.37758159637e-05
2.36588716507e-05
2.36274003983e-05
2.36504077911e-05
2.3627281189e-05
2.37419605255e-05
2.36514806747e-05
2.36304998398e-05
2.36434936523e-05
2.36970186234e-05
2.36457586288e-05
2.37447023392e-05
2.38896608353e-05
2.37576961517e-05
2.36566066742e-05
2.36612558365e-05
2.36582756042e-05
2.36883163452e-05
2.36250162125e-05
2.3645401001e-05
2.3656129837e-05
2.36834287643e-05
2.37153768539e-05
2.36492156982e-05
2.37190723419e-05
2.37081050873e-05
2.37711668015e-05
2.37172842026e-05
2.36537456512e-05
2.36829519272e-05
2.37113237381e-05
2.36718654633e-05
2.36625671387e-05
2.36871242523e-05
2.37333774567e-05
2.36798524857e-05
2.36726999283e-05
2.36860513687e-05
2.372610569e-05
2.36763954163e-05
2.36831903458e-05
2.37389802933e-05
2.37195491791e-05
2.38285064697e-05
2.36946344376e-05
2.37054824829e-05
2.370262146e-05
2.37748622894e-05
2.36986875534e-05
2.36715078354e-05
2.36500501633e-05
2.39834785461e-05
2.37032175064e-05
2.37106084824e-05
2.37184762955e-05
2.42805480957e-05
2.3689866066e-05
2.36473083496e-05
2.36074924469e-05
2.36685276031e-05
2.35979557037e-05
2.36258506775e-05
2.36225128174e-05
2.3687005043e-05
2.41261720657e-05
2.37104892731e-05
2.36248970032e-05
2.36723423004e-05
2.37009525299e-05
2.36144065857e-05
2.36324071884e-05
2.36121416092e-05
2.36043930054e-05
2.35905647278e-05
2.36012935638e-05
2.35860347748e-05
2.36611366272e-05
2.36010551453e-05
2.3594379425e-05
2.36119031906e-05
2.3614525795e-05
2.36307382584e-05
2.36167907715e-05
2.36396789551e-05
2.36492156982e-05
2.36846208572e-05
2.36284732819e-05
2.37100124359e-05
2.36594676971e-05
2.37189531326e-05
2.36523151398e-05
2.3672580719e-05
2.3833155632e-05
2.37349271774e-05
2.36511230469e-05
2.36661434174e-05
2.36496925354e-05
2.3691534996e-05
2.36716270447e-05
2.36923694611e-05
2.36564874649e-05
2.37001180649e-05
2.37393379211e-05
2.36636400223e-05
2.38040685654e-05
2.52101421356e-05
2.37956047058e-05
2.3722410202e-05
2.37292051315e-05
2.37190723419e-05
2.37928628922e-05
2.37693786621e-05
2.36923694611e-05
2.36759185791e-05
2.36995220184e-05
2.36932039261e-05
2.36723423004e-05
2.37469673157e-05
2.36768722534e-05
2.36849784851e-05
2.36548185349e-05
2.36501693726e-05
2.36588716507e-05
2.36990451813e-05
2.36345529556e-05
2.36200094223e-05
2.36510038376e-05
2.37027406693e-05
2.36511230469e-05
2.36631631851e-05
2.37780809402e-05
2.37622261047e-05
2.38547325134e-05
2.39746570587e-05
2.37474441528e-05
2.38424539566e-05
2.37344503403e-05
2.37324237823e-05
2.37294435501e-05
2.37168073654e-05
2.3766040802e-05
2.37021446228e-05
2.37073898315e-05
2.37332582474e-05
2.37926244736e-05
2.50639915466e-05
2.38997936249e-05
2.37641334534e-05
2.37700939178e-05
2.36867666245e-05
2.37032175064e-05
2.36881971359e-05
2.37183570862e-05
2.37002372742e-05
2.36461162567e-05
2.3673415184e-05
2.37025022507e-05
2.36917734146e-05
2.36629247665e-05
2.36803293228e-05
2.37230062485e-05
2.37226486206e-05
2.36892700195e-05
2.37101316452e-05
2.37159729004e-05
2.37346887589e-05
2.36874818802e-05
2.36852169037e-05
2.36786603928e-05
2.36961841583e-05
2.36523151398e-05
2.36785411835e-05
2.38746404648e-05
2.41733789444e-05
2.39083766937e-05
2.3829460144e-05
2.38888263702e-05
2.42549180984e-05
2.37663984299e-05
2.36878395081e-05
2.37050056458e-05
2.37131118774e-05
2.36775875092e-05
2.37339735031e-05
2.3712515831e-05
2.38201618195e-05
2.45755910873e-05
2.38012075424e-05
2.37774848938e-05
2.37567424774e-05
2.37308740616e-05
2.36899852753e-05
2.36884355545e-05
2.36837863922e-05
2.36873626709e-05
2.37454175949e-05
2.37127542496e-05
2.37176418304e-05
2.3736000061e-05
2.37156152725e-05
2.36930847168e-05
2.37121582031e-05
2.37302780151e-05
2.3698925972e-05
2.36703157425e-05
2.37029790878e-05
2.37067937851e-05
2.37076282501e-05
2.36376523972e-05
2.36718654633e-05
2.36755609512e-05
2.36897468567e-05
2.36592292786e-05
2.38161087036e-05
2.39139795303e-05
2.37463712692e-05
2.39210128784e-05
2.37852334976e-05
2.37280130386e-05
2.37622261047e-05
2.64886617661e-05
2.37398147583e-05
2.37171649933e-05
2.37375497818e-05
2.37715244293e-05
2.37737894058e-05
2.37134695053e-05
2.47611999512e-05
2.37773656845e-05
2.36731767654e-05
2.36979722977e-05
2.36827135086e-05
2.37292051315e-05
2.3729801178e-05
2.36984491348e-05
2.37197875977e-05
2.37538814545e-05
2.37765312195e-05
2.37126350403e-05
2.37375497818e-05
2.36663818359e-05
2.36747264862e-05
2.36945152283e-05
2.36797332764e-05
2.36793756485e-05
2.36972570419e-05
2.36934423447e-05
2.37101316452e-05
2.36858129501e-05
2.36619710922e-05
2.36815214157e-05
2.37147808075e-05
2.36772298813e-05
2.39062309265e-05
2.38842964172e-05
2.3700594902e-05
2.36526727676e-05
2.36804485321e-05
2.36510038376e-05
2.36132144928e-05
2.36064195633e-05
2.36366987228e-05
2.36117839813e-05
2.36663818359e-05
2.37740278244e-05
2.37087011337e-05
2.49918699265e-05
2.3783326149e-05
2.36737728119e-05
2.36341953278e-05
2.36300230026e-05
2.36449241638e-05
2.36346721649e-05
2.36103534698e-05
2.36940383911e-05
2.36887931824e-05
2.36613750458e-05
2.36550569534e-05
2.36676931381e-05
2.37436294556e-05
2.37171649933e-05
2.37299203873e-05
2.37286090851e-05
2.37358808517e-05
2.36963033676e-05
2.37349271774e-05
2.37346887589e-05
2.37494707108e-05
2.3708820343e-05
2.3739695549e-05
2.37274169922e-05
2.37685441971e-05
2.3705124855e-05
2.39152908325e-05
2.39391326904e-05
2.37610340118e-05
2.37499475479e-05
2.38270759583e-05
2.42636203766e-05
2.37848758698e-05
2.37220525742e-05
2.3729801178e-05
2.37197875977e-05
2.3743391037e-05
2.37251520157e-05
2.37226486206e-05
2.37194299698e-05
2.37168073654e-05
2.48154401779e-05
2.38071680069e-05
2.37762928009e-05
2.37952470779e-05
2.37474441528e-05
2.37783193588e-05
2.3778796196e-05
2.37859487534e-05
2.37944126129e-05
2.37747430801e-05
2.37554311752e-05
2.37728357315e-05
2.37636566162e-05
2.37588882446e-05
2.37826108932e-05
2.37430334091e-05
2.3796081543e-05
2.37677097321e-05
2.37271785736e-05
2.37991809845e-05
2.37648487091e-05
2.37605571747e-05
2.37474441528e-05
2.37410068512e-05
2.37373113632e-05
2.37332582474e-05
2.37361192703e-05
2.50078439713e-05
2.39455699921e-05
2.37876176834e-05
2.37939357758e-05
2.38250494003e-05
2.37984657288e-05
2.37420797348e-05
2.37128734589e-05
2.37017869949e-05
2.3663520813e-05
2.36744880676e-05
2.37363576889e-05
2.36902236938e-05
2.37255096436e-05
2.37054824829e-05
2.37576961517e-05
2.37270593643e-05
2.36963033676e-05
2.37622261047e-05
2.38045454025e-05
2.37680673599e-05
2.37789154053e-05
2.37760543823e-05
2.37677097321e-05
2.37267017365e-05
2.37696170807e-05
2.37816572189e-05
2.37617492676e-05
2.37629413605e-05
2.37604379654e-05
2.37580537796e-05
2.37770080566e-05
2.37612724304e-05
2.37538814545e-05
2.37499475479e-05
2.37430334091e-05
2.37461328506e-05
2.3734331131e-05
2.37219333649e-05
2.37158536911e-05
2.38299369812e-05
2.45629549026e-05
2.39580869675e-05
2.38409042358e-05
2.38926410675e-05
2.38256454468e-05
2.38293409348e-05
2.38227844238e-05
2.38084793091e-05
2.42638587952e-05
2.38667726517e-05
2.39154100418e-05
2.394759655e-05
2.47050523758e-05
2.39901542664e-05
2.43109464645e-05
2.39485502243e-05
2.4022936821e-05
2.39043235779e-05
2.39526033401e-05
2.39176750183e-05
2.39734649658e-05
2.39729881287e-05
2.39211320877e-05
2.39094495773e-05
2.3931145668e-05
2.38615274429e-05
2.39410400391e-05
2.38842964172e-05
2.39899158478e-05
2.3948431015e-05
2.39261388779e-05
2.39269733429e-05
2.39964723587e-05
2.38883495331e-05
2.38507986069e-05
2.39132642746e-05
2.38902568817e-05
2.39524841309e-05
2.41476297379e-05
2.39400863647e-05
2.39019393921e-05
2.41004228592e-05
2.3996591568e-05
2.39748954773e-05
2.41192579269e-05
2.42722034454e-05
2.40519046783e-05
2.37903594971e-05
2.37872600555e-05
2.3864030838e-05
2.39300727844e-05
2.39144563675e-05
2.37958431244e-05
2.52056121826e-05
2.39166021347e-05
2.39267349243e-05
2.38164663315e-05
2.38332748413e-05
2.38190889359e-05
2.38072872162e-05
2.37838029861e-05
2.39765644073e-05
2.38432884216e-05
2.38332748413e-05
2.38362550735e-05
2.38461494446e-05
2.38827466965e-05
2.38097906113e-05
2.37909555435e-05
2.38109827042e-05
2.3868560791e-05
2.38245725632e-05
2.38175392151e-05
2.37905979156e-05
2.3886680603e-05
2.38248109818e-05
2.38263607025e-05
2.3845911026e-05
2.38814353943e-05
2.3809671402e-05
2.40024328232e-05
2.40238904953e-05
2.43291854858e-05
2.38307714462e-05
2.37953662872e-05
2.39448547363e-05
2.38125324249e-05
2.38417387009e-05
2.37476825714e-05
2.37436294556e-05
2.37789154053e-05
2.38118171692e-05
2.38016843796e-05
2.52506732941e-05
2.38829851151e-05
2.38999128342e-05
2.38273143768e-05
2.37766504288e-05
2.38901376724e-05
2.38085985184e-05
2.37389802933e-05
2.3766875267e-05
2.37296819687e-05
2.37946510315e-05
2.37869024277e-05
2.37925052643e-05
2.37526893616e-05
2.37375497818e-05
2.37855911255e-05
2.3761510849e-05
2.37468481064e-05
2.37468481064e-05
2.38233804703e-05
2.37758159637e-05
2.37597227097e-05
2.37772464752e-05
2.38358974457e-05
2.37979888916e-05
2.37699747086e-05
2.37951278687e-05
2.39388942719e-05
2.39725112915e-05
2.38282680511e-05
2.38209962845e-05
2.39094495773e-05
2.4020075798e-05
2.38050222397e-05
2.37847566605e-05
2.37605571747e-05
2.37708091736e-05
2.37563848495e-05
2.38862037659e-05
2.38900184631e-05
2.38412618637e-05
2.38438844681e-05
2.38170623779e-05
2.38511562347e-05
2.38205194473e-05
2.37519741058e-05
2.37854719162e-05
2.37553119659e-05
2.37728357315e-05
2.38201618195e-05
2.38093137741e-05
2.37418413162e-05
2.37715244293e-05
2.37802267075e-05
2.37543582916e-05
2.37421989441e-05
2.37300395966e-05
2.37469673157e-05
2.37649679184e-05
2.37250328064e-05
2.37462520599e-05
2.38300561905e-05
2.37944126129e-05
2.38208770752e-05
2.37829685211e-05
2.38226652145e-05
2.37838029861e-05
2.37907171249e-05
2.38947868347e-05
2.40957736969e-05
2.38289833069e-05
2.39946842194e-05
2.43481397629e-05
2.38188505173e-05
2.38435268402e-05
2.37876176834e-05
2.38108634949e-05
2.38391160965e-05
2.38181352615e-05
2.38502025604e-05
2.39689350128e-05
2.38820314407e-05
2.52083539963e-05
2.39518880844e-05
2.3863196373e-05
2.38769054413e-05
2.38420963287e-05
2.38584280014e-05
2.3851275444e-05
2.3853302002e-05
2.38831043243e-05
2.38311290741e-05
2.38336324692e-05
2.37838029861e-05
2.37691402435e-05
2.37444639206e-05
2.37898826599e-05
2.3789525032e-05
2.37756967545e-05
2.37387418747e-05
2.37938165665e-05
2.37786769867e-05
2.3773431778e-05
2.37736701965e-05
2.37585306168e-05
2.37580537796e-05
2.37553119659e-05
2.37587690353e-05
2.37444639206e-05
2.39672660828e-05
2.39148139954e-05
2.38875150681e-05
2.38610506058e-05
2.3761510849e-05
2.37584114075e-05
2.37221717834e-05
2.36954689026e-05
2.36809253693e-05
2.37221717834e-05
2.37548351288e-05
2.38153934479e-05
2.37818956375e-05
2.37257480621e-05
2.37737894058e-05
2.37832069397e-05
2.38193273544e-05
2.38121747971e-05
2.38080024719e-05
2.38486528397e-05
2.381503582e-05
2.37517356873e-05
2.37681865692e-05
2.37609148026e-05
2.37296819687e-05
2.37418413162e-05
2.3735165596e-05
2.37410068512e-05
2.37793922424e-05
2.37643718719e-05
2.3787856102e-05
2.37799882889e-05
2.38660573959e-05
2.38822698593e-05
2.38573551178e-05
2.38674879074e-05
2.39032506943e-05
2.38358974457e-05
2.38735675812e-05
2.38738059998e-05
2.40149497986e-05
2.41181850433e-05
2.3986697197e-05
2.40145921707e-05
2.40331888199e-05
2.3900270462e-05
2.37762928009e-05
2.37984657288e-05
2.37683057785e-05
2.3787856102e-05
2.37513780594e-05
2.38643884659e-05
2.38641500473e-05
2.37836837769e-05
2.38190889359e-05
2.38258838654e-05
2.37972736359e-05
2.38325595856e-05
2.3805141449e-05
2.37764120102e-05
2.37822532654e-05
2.38196849823e-05
2.38038301468e-05
2.37970352173e-05
2.38634347916e-05
2.38573551178e-05
2.3826956749e-05
2.38020420074e-05
2.38338708878e-05
2.38394737244e-05
2.38198041916e-05
2.38608121872e-05
2.3824930191e-05
2.38306522369e-05
2.38268375397e-05
2.38369703293e-05
2.38364934921e-05
2.38192081451e-05
2.38181352615e-05
2.38258838654e-05
2.41284370422e-05
2.38610506058e-05
2.3832321167e-05
2.38378047943e-05
2.44101285934e-05
2.40942239761e-05
2.39328145981e-05
2.3784160614e-05
2.37880945206e-05
2.3796916008e-05
2.37637758255e-05
2.3802280426e-05
2.37879753113e-05
2.38139629364e-05
2.57253646851e-05
2.38122940063e-05
2.38584280014e-05
2.38810777664e-05
2.38518714905e-05
2.38630771637e-05
2.38176584244e-05
2.38305330276e-05
2.38125324249e-05
2.38401889801e-05
2.38217115402e-05
2.38687992096e-05
2.38300561905e-05
2.38553285599e-05
2.3832321167e-05
2.38223075867e-05
2.3810505867e-05
2.38282680511e-05
2.38697528839e-05
2.38584280014e-05
2.38530635834e-05
2.38837003708e-05
2.38646268845e-05
2.45366096497e-05
2.38913297653e-05
2.39075422287e-05
2.40571498871e-05
2.41342782974e-05
2.38848924637e-05
2.38971710205e-05
2.39480733871e-05
2.39658355713e-05
2.38528251648e-05
2.38639116287e-05
2.38544940948e-05
2.38448381424e-05
2.39802598953e-05
2.38972902298e-05
2.38789319992e-05
2.50933170319e-05
2.40408182144e-05
2.39171981812e-05
2.39043235779e-05
2.38825082779e-05
2.38517522812e-05
2.38749980927e-05
2.38716602325e-05
2.38662958145e-05
2.38291025162e-05
2.38473415375e-05
2.38448381424e-05
2.38230228424e-05
2.38107442856e-05
2.38351821899e-05
2.38211154938e-05
2.38311290741e-05
2.38387584686e-05
2.38199234009e-05
2.38066911697e-05
2.3823261261e-05
2.3824930191e-05
2.38083600998e-05
2.38156318665e-05
2.38186120987e-05
2.38460302353e-05
2.38302946091e-05
2.38723754883e-05
2.39857435226e-05
2.38319635391e-05
2.38393545151e-05
2.37939357758e-05
2.39162445068e-05
2.38502025604e-05
2.38057374954e-05
2.38076448441e-05
2.38535404205e-05
2.38099098206e-05
2.38118171692e-05
2.3818731308e-05
2.38271951675e-05
2.50445604324e-05
2.37991809845e-05
2.38267183304e-05
2.38049030304e-05
2.38519906998e-05
2.38245725632e-05
2.37950086594e-05
2.38119363785e-05
2.38099098206e-05
2.38522291183e-05
2.37921476364e-05
2.38056182861e-05
2.37857103348e-05
2.38230228424e-05
2.38019227982e-05
2.38273143768e-05
2.37678289413e-05
2.37864255905e-05
2.37513780594e-05
2.37535238266e-05
2.37482786179e-05
2.38034725189e-05
2.37698554993e-05
2.37724781036e-05
2.37867832184e-05
2.38256454468e-05
2.38099098206e-05
2.39448547363e-05
2.40035057068e-05
2.38384008408e-05
2.38242149353e-05
2.39814519882e-05
2.4352312088e-05
2.40180492401e-05
2.37830877304e-05
2.38149166107e-05
2.38070487976e-05
2.38199234009e-05
2.3837685585e-05
2.38293409348e-05
2.3828625679e-05
2.38744020462e-05
2.38622426987e-05
2.38568782806e-05
2.39427089691e-05
2.3867726326e-05
2.39310264587e-05
2.38908529282e-05
2.39446163177e-05
2.39343643188e-05
2.39917039871e-05
2.39683389664e-05
2.39455699921e-05
2.42413282394e-05
2.39452123642e-05
2.38851308823e-05
2.39205360413e-05
2.39253044128e-05
2.39255428314e-05
2.39353179932e-05
2.39295959473e-05
2.39185094833e-05
2.39132642746e-05
2.3965716362e-05
2.3924946785e-05
2.39729881287e-05
2.38550901413e-05
2.39198207855e-05
2.38430500031e-05
2.39253044128e-05
2.4031996727e-05
2.39585638046e-05
2.38862037659e-05
2.39863395691e-05
2.39080190659e-05
2.38947868347e-05
2.38136053085e-05
2.38503217697e-05
2.38827466965e-05
2.3854970932e-05
2.3895740509e-05
2.38345861435e-05
2.53622531891e-05
2.3862361908e-05
2.38163471222e-05
2.38131284714e-05
2.37823724747e-05
2.38363742828e-05
2.38194465637e-05
2.37829685211e-05
2.3866891861e-05
2.38182544708e-05
2.43933200836e-05
2.38860845566e-05
2.38229036331e-05
2.38342285156e-05
2.38572359085e-05
2.38600969315e-05
2.39179134369e-05
2.39276885986e-05
2.39577293396e-05
2.39319801331e-05
2.39413976669e-05
2.38409042358e-05
2.39375829697e-05
2.3868560791e-05
2.38261222839e-05
2.38289833069e-05
2.38456726074e-05
2.38964557648e-05
2.40142345428e-05
2.40612030029e-05
2.40088701248e-05
2.39013433456e-05
2.41057872772e-05
2.40191221237e-05
2.39473581314e-05
2.39174365997e-05
2.39063501358e-05
2.38656997681e-05
2.39458084106e-05
2.39986181259e-05
2.38996744156e-05
2.54791975021e-05
2.39944458008e-05
2.39923000336e-05
2.39894390106e-05
2.39666700363e-05
2.38734483719e-05
2.39191055298e-05
2.38789319992e-05
2.3873925209e-05
2.38326787949e-05
2.38703489304e-05
2.38695144653e-05
2.38960981369e-05
2.3862361908e-05
2.38695144653e-05
2.3921251297e-05
2.38769054413e-05
2.38841772079e-05
2.3897767067e-05
2.38927602768e-05
2.39247083664e-05
2.38702297211e-05
2.38646268845e-05
2.38773822784e-05
2.39129066467e-05
2.38859653473e-05
2.39691734314e-05
2.43300199509e-05
2.39105224609e-05
2.39036083221e-05
2.3854136467e-05
2.43327617645e-05
2.40097045898e-05
2.50108242035e-05
2.39500999451e-05
2.39378213882e-05
2.39690542221e-05
2.38462686539e-05
2.40136384964e-05
2.39799022675e-05
2.40523815155e-05
2.52989530563e-05
2.4049282074e-05
2.40463018417e-05
2.40631103516e-05
2.39201784134e-05
2.3943901062e-05
2.39027738571e-05
2.39859819412e-05
2.39231586456e-05
2.39208936691e-05
2.39351987839e-05
2.39851474762e-05
2.39404439926e-05
2.41405963898e-05
2.3993730545e-05
2.4062871933e-05
2.4005651474e-05
2.40253210068e-05
2.39913463593e-05
2.39596366882e-05
2.40117311478e-05
2.39435434341e-05
2.39778757095e-05
2.39634513855e-05
2.397108078e-05
2.392578125e-05
2.39524841309e-05
2.42116451263e-05
2.4273276329e-05
2.42216587067e-05
2.43990421295e-05
2.41441726685e-05
2.41817235947e-05
2.40368843079e-05
2.40074396133e-05
2.40564346313e-05
2.40238904953e-05
2.40659713745e-05
2.40314006805e-05
2.40358114243e-05
2.52672433853e-05
2.41574048996e-05
2.41099596024e-05
2.40906476974e-05
2.40294933319e-05
2.40389108658e-05
2.40561962128e-05
2.40763425827e-05
2.403819561e-05
2.40463018417e-05
2.40470170975e-05
2.40331888199e-05
2.40151882172e-05
2.40098237991e-05
2.40256786346e-05
2.40390300751e-05
2.40250825882e-05
2.40166187286e-05
2.40015983582e-05
2.39828824997e-05
2.40004062653e-05
2.40005254745e-05
2.39906311035e-05
2.406001091e-05
2.39983797073e-05
2.40577459335e-05
2.40197181702e-05
2.41196155548e-05
2.41725444794e-05
2.4009346962e-05
2.41503715515e-05
2.40355730057e-05
2.40528583527e-05
2.40398645401e-05
2.39316225052e-05
2.39373445511e-05
2.39531993866e-05
2.39517688751e-05
2.4095416069e-05
2.40803956985e-05
2.40215063095e-05
2.43508815765e-05
2.40631103516e-05
2.40104198456e-05
2.40180492401e-05
2.39943265915e-05
2.40739583969e-05
2.40225791931e-05
2.40259170532e-05
2.40259170532e-05
2.40596532822e-05
2.40024328232e-05
2.39174365997e-05
2.39307880402e-05
2.40118503571e-05
2.40042209625e-05
2.40055322647e-05
2.40614414215e-05
2.40029096603e-05
2.39677429199e-05
2.39572525024e-05
2.39992141724e-05
2.39813327789e-05
2.40149497986e-05
2.39496231079e-05
2.40457057953e-05
2.39708423615e-05
2.4041056633e-05
2.61542797089e-05
2.41686105728e-05
2.40633487701e-05
2.39179134369e-05
2.44152545929e-05
2.39560604095e-05
2.39133834839e-05
2.38728523254e-05
2.38761901855e-05
2.39230394363e-05
2.39043235779e-05
2.39049196243e-05
2.39911079407e-05
2.39146947861e-05
2.46164798737e-05
2.39955186844e-05
2.39479541779e-05
2.39381790161e-05
2.40592956543e-05
2.40035057068e-05
2.403652668e-05
2.39945650101e-05
2.39742994308e-05
2.39671468735e-05
2.40385532379e-05
2.40188837051e-05
2.40039825439e-05
2.39661931992e-05
2.39857435226e-05
2.40203142166e-05
2.39942073822e-05
2.40067243576e-05
2.40173339844e-05
2.4005651474e-05
2.40404605865e-05
2.40349769592e-05
2.4032831192e-05
2.40638256073e-05
2.40547657013e-05
2.4009346962e-05
2.40271091461e-05
2.40242481232e-05
2.41601467133e-05
2.43022441864e-05
2.40164995193e-05
2.40877866745e-05
2.40595340729e-05
2.4215221405e-05
2.41366624832e-05
2.40219831467e-05
2.39416360855e-05
2.39380598068e-05
2.38872766495e-05
2.3934841156e-05
2.39822864532e-05
2.39285230637e-05
2.39738225937e-05
2.39726305008e-05
2.39555835724e-05
2.39969491959e-05
2.39824056625e-05
2.40007638931e-05
2.39582061768e-05
2.39601135254e-05
2.39129066467e-05
2.39186286926e-05
2.39368677139e-05
2.3922085762e-05
2.39174365997e-05
2.39044427872e-05
2.39759683609e-05
2.39315032959e-05
2.39006280899e-05
2.39150524139e-05
2.39075422287e-05
2.38901376724e-05
2.38871574402e-05
2.39162445068e-05
2.39018201828e-05
2.39163637161e-05
2.3974776268e-05
2.39737033844e-05
2.40510702133e-05
2.40795612335e-05
2.42820978165e-05
2.40714550018e-05
2.42309570313e-05
2.40098237991e-05
2.40871906281e-05
2.40134000778e-05
2.39630937576e-05
2.39682197571e-05
2.39437818527e-05
2.39788293839e-05
2.40519046783e-05
2.39909887314e-05
2.5378704071e-05
2.41185426712e-05
2.41234302521e-05
2.41117477417e-05
2.40603685379e-05
2.41601467133e-05
2.41317749023e-05
2.40604877472e-05
2.4084687233e-05
2.41042375565e-05
2.40542888641e-05
2.40949392319e-05
2.40838527679e-05
2.40768194199e-05
2.40718126297e-05
3.24172973633e-05
2.78431177139e-05
2.51159667969e-05
2.46539115906e-05
3.18521261215e-05
2.43029594421e-05
2.42451429367e-05
2.43937969208e-05
2.78998613358e-05
2.48748064041e-05
3.95305156708e-05
3.87303829193e-05
2.41929292679e-05
2.54124403e-05
2.45206356049e-05
2.41857767105e-05
2.42092609406e-05
2.42776870728e-05
2.43083238602e-05
2.58694887161e-05
2.48340368271e-05
2.47762203217e-05
2.47354507446e-05
2.48802900314e-05
2.48889923096e-05
2.58231163025e-05
2.42577791214e-05
2.49373912811e-05
2.42414474487e-05
2.42933034897e-05
2.42435932159e-05
2.42493152618e-05
2.41920948029e-05
2.41792201996e-05
2.42238044739e-05
2.42701768875e-05
2.4246931076e-05
2.41667032242e-05
2.41945981979e-05
2.42894887924e-05
2.41860151291e-05
2.41289138794e-05
2.41643190384e-05
2.41333246231e-05
2.41813659668e-05
2.41392850876e-05
2.41210460663e-05
2.41498947144e-05
2.41266489029e-05
2.41079330444e-05
2.42605209351e-05
2.43076086044e-05
2.42685079575e-05
2.43718624115e-05
2.45401859283e-05
2.452480793e-05
2.44467258453e-05
2.428150177e-05
2.44536399841e-05
2.43051052094e-05
2.4143576622e-05
2.41607427597e-05
2.42880582809e-05
2.42166519165e-05
2.4299621582e-05
2.4213552475e-05
2.63439416885e-05
2.41694450378e-05
2.42354869843e-05
2.41603851318e-05
2.42692232132e-05
2.42655277252e-05
2.43108272552e-05
2.42388248444e-05
2.42464542389e-05
2.42626667023e-05
2.43673324585e-05
2.43059396744e-05
2.43053436279e-05
2.4280667305e-05
2.4313211441e-05
2.42496728897e-05
2.42589712143e-05
2.43117809296e-05
2.43796110153e-05
2.4334192276e-05
2.43303775787e-05
2.42842435837e-05
2.42918729782e-05
2.42043733597e-05
2.42266654968e-05
2.42912769318e-05
2.4377822876e-05
2.45280265808e-05
2.50866413116e-05
2.43448019028e-05
2.43866443634e-05
2.43211984634e-05
2.41990089417e-05
2.42420434952e-05
2.43120193481e-05
2.43096351624e-05
2.42762565613e-05
2.42414474487e-05
2.43821144104e-05
2.43499279022e-05
2.42327451706e-05
2.42383480072e-05
2.42598056793e-05
2.43220329285e-05
2.42369174957e-05
2.41955518723e-05
2.42236852646e-05
2.42496728897e-05
2.42657661438e-05
2.41694450378e-05
2.41572856903e-05
2.4209022522e-05
2.41317749023e-05
2.41173505783e-05
2.4162530899e-05
2.4242401123e-05
2.41998434067e-05
2.4148106575e-05
2.42176055908e-05
2.42812633514e-05
2.42406129837e-05
2.4227142334e-05
2.4280667305e-05
2.42141485214e-05
2.4285197258e-05
2.42855548859e-05
2.42532491684e-05
2.43550539017e-05
2.4414896965e-05
2.42773294449e-05
2.42366790771e-05
2.44580507278e-05
2.42532491684e-05
2.42319107056e-05
2.41665840149e-05
2.41539478302e-05
2.41689682007e-05
2.41624116898e-05
2.42903232574e-05
2.4199962616e-05
2.42184400558e-05
2.45772600174e-05
2.41652727127e-05
2.41397619247e-05
2.4162530899e-05
2.40848064423e-05
2.4112701416e-05
2.42013931274e-05
2.41140127182e-05
2.41235494614e-05
2.41075754166e-05
2.40832567215e-05
2.41447687149e-05
2.40888595581e-05
2.4099111557e-05
2.40343809128e-05
2.41124629974e-05
2.42042541504e-05
2.42274999619e-05
2.42128372192e-05
2.42241621017e-05
2.41854190826e-05
2.41878032684e-05
2.4521946907e-05
2.42326259613e-05
2.42522954941e-05
2.42438316345e-05
2.4268746376e-05
2.43408679962e-05
2.42981910706e-05
2.44144201279e-05
2.43175029755e-05
2.44545936584e-05
2.44172811508e-05
2.43533849716e-05
2.43318080902e-05
2.43091583252e-05
2.43147611618e-05
2.42785215378e-05
2.43475437164e-05
2.43723392487e-05
2.55028009415e-05
2.43451595306e-05
2.43841409683e-05
2.43120193481e-05
2.4324297905e-05
2.42627859116e-05
2.42789983749e-05
2.43536233902e-05
2.42046117783e-05
2.41582393646e-05
2.41849422455e-05
2.41757631302e-05
2.41754055023e-05
2.41609811783e-05
2.41053104401e-05
2.41030454636e-05
2.41487026215e-05
2.41515636444e-05
2.41098403931e-05
2.41478681564e-05
2.41721868515e-05
2.41466760635e-05
2.4094581604e-05
2.41259336472e-05
2.41502523422e-05
2.40941047668e-05
2.4109005928e-05
2.43678092957e-05
2.42365598679e-05
2.4322271347e-05
2.41590738297e-05
2.42236852646e-05
2.42004394531e-05
2.41004228592e-05
2.41167545319e-05
2.4062871933e-05
2.40660905838e-05
2.41278409958e-05
2.41825580597e-05
2.41507291794e-05
2.53691673279e-05
2.4322271347e-05
2.42671966553e-05
2.42474079132e-05
2.43365764618e-05
2.41583585739e-05
2.41777896881e-05
2.4150967598e-05
2.41218805313e-05
2.41401195526e-05
2.41737365723e-05
2.41490602493e-05
2.41522789001e-05
2.42046117783e-05
2.42065191269e-05
2.4597287178e-05
2.43484973907e-05
2.43213176727e-05
2.43155956268e-05
2.43446826935e-05
2.43632793427e-05
2.43326425552e-05
2.43512392044e-05
2.43555307388e-05
2.45841741562e-05
2.4752497673e-05
2.44215726852e-05
2.46258974075e-05
2.46133804321e-05
2.45876312256e-05
2.43426561356e-05
2.45691537857e-05
2.42699384689e-05
2.42841243744e-05
2.42222547531e-05
2.41721868515e-05
2.41694450378e-05
2.41930484772e-05
2.42124795914e-05
2.42801904678e-05
2.42612361908e-05
2.43082046509e-05
2.42574214935e-05
2.42831707001e-05
2.42520570755e-05
2.42900848389e-05
2.42824554443e-05
2.42880582809e-05
2.42750644684e-05
2.42650508881e-05
2.42377519608e-05
2.42884159088e-05
2.42546796799e-05
2.42166519165e-05
2.42859125137e-05
2.43462324142e-05
2.43058204651e-05
2.42953300476e-05
2.4273276329e-05
2.494597435e-05
2.43463516235e-05
2.43126153946e-05
2.42949724197e-05
2.42722034454e-05
2.42837667465e-05
2.43500471115e-05
2.43688821793e-05
2.43818759918e-05
2.4474978447e-05
2.4357676506e-05
2.44975090027e-05
2.44091749191e-05
2.43717432022e-05
2.43051052094e-05
2.4218082428e-05
2.423620224e-05
2.42666006088e-05
2.42657661438e-05
2.42660045624e-05
2.44007110596e-05
2.59492397308e-05
2.4426817894e-05
2.44235992432e-05
2.45001316071e-05
2.45325565338e-05
2.4386882782e-05
2.43693590164e-05
2.44218111038e-05
2.44619846344e-05
2.43345499039e-05
2.4361371994e-05
2.44960784912e-05
2.44094133377e-05
2.43755578995e-05
2.43854522705e-05
2.43464708328e-05
2.44470834732e-05
2.43829488754e-05
2.43368148804e-05
2.43754386902e-05
2.45045423508e-05
2.44944095612e-05
2.44476795197e-05
2.45124101639e-05
2.45229005814e-05
2.66120433807e-05
2.76995897293e-05
2.56093740463e-05
2.46011018753e-05
2.49845981598e-05
2.54189968109e-05
2.58679389954e-05
2.46524810791e-05
2.46034860611e-05
2.47077941895e-05
2.45215892792e-05
2.45015621185e-05
2.43946313858e-05
2.44568586349e-05
2.46016979218e-05
2.50689983368e-05
2.49483585358e-05
2.51783132553e-05
2.44922637939e-05
2.45349407196e-05
2.44770050049e-05
2.44010686874e-05
2.43556499481e-05
2.44601964951e-05
2.44933366776e-05
2.43850946426e-05
2.45035886765e-05
2.44725942612e-05
2.43946313858e-05
2.43711471558e-05
2.43582725525e-05
2.43593454361e-05
2.43511199951e-05
2.43530273438e-05
2.43281126022e-05
2.43933200836e-05
2.43396759033e-05
2.43775844574e-05
2.44133472443e-05
2.43643522263e-05
2.4308681488e-05
2.42640972137e-05
2.42984294891e-05
2.43309736252e-05
2.54501104355e-05
2.47168540955e-05
2.44824886322e-05
2.43406295776e-05
2.44429111481e-05
2.47218608856e-05
2.43532657623e-05
2.42730379105e-05
2.42824554443e-05
2.41492986679e-05
2.41675376892e-05
2.42352485657e-05
2.42964029312e-05
2.4334192276e-05
2.4286866188e-05
2.43167877197e-05
2.43179798126e-05
2.42705345154e-05
2.43020057678e-05
2.42750644684e-05
2.43114233017e-05
2.42785215378e-05
2.43238210678e-05
2.43076086044e-05
2.43157148361e-05
2.42623090744e-05
2.43122577667e-05
2.41678953171e-05
2.42123603821e-05
2.41787433624e-05
2.42058038712e-05
2.41719484329e-05
2.42105722427e-05
2.42164134979e-05
2.42428779602e-05
2.41791009903e-05
2.41824388504e-05
2.41973400116e-05
2.42203474045e-05
2.42031812668e-05
2.41897106171e-05
2.42131948471e-05
2.42297649384e-05
2.45726108551e-05
2.44401693344e-05
2.44647264481e-05
2.43873596191e-05
2.4442076683e-05
2.43192911148e-05
2.43031978607e-05
2.42874622345e-05
2.43052244186e-05
2.43210792542e-05
2.44307518005e-05
2.43693590164e-05
2.55656242371e-05
2.44950056076e-05
2.4381518364e-05
2.43588685989e-05
2.44042873383e-05
2.44264602661e-05
2.44014263153e-05
2.44383811951e-05
2.43872404099e-05
2.43471860886e-05
2.43947505951e-05
2.43771076202e-05
2.43579149246e-05
2.43842601776e-05
2.43821144104e-05
2.43834257126e-05
2.43790149689e-05
2.44007110596e-05
2.44092941284e-05
2.44325399399e-05
2.42599248886e-05
2.42714881897e-05
2.42375135422e-05
2.43166685104e-05
2.42968797684e-05
2.42390632629e-05
2.42204666138e-05
2.44162082672e-05
2.45026350021e-05
2.43345499039e-05
2.425801754e-05
2.42608785629e-05
2.42192745209e-05
2.42047309875e-05
2.41483449936e-05
2.423620224e-05
2.41852998734e-05
2.41923332214e-05
2.41612195969e-05
2.41904258728e-05
2.42396593094e-05
2.42568254471e-05
2.42147445679e-05
2.42406129837e-05
2.42310762405e-05
2.42035388947e-05
2.42092609406e-05
2.42195129395e-05
2.42420434952e-05
2.42313146591e-05
2.42903232574e-05
2.42859125137e-05
2.43563652039e-05
2.43608951569e-05
2.43157148361e-05
2.43391990662e-05
2.43138074875e-05
2.42329835892e-05
2.4210691452e-05
2.42577791214e-05
2.42816209793e-05
2.43037939072e-05
2.42751836777e-05
2.42786407471e-05
2.42750644684e-05
2.42776870728e-05
2.43452787399e-05
2.44079828262e-05
2.46450901031e-05
2.45424509048e-05
2.46896743774e-05
2.505838871e-05
2.45901346207e-05
2.44970321655e-05
2.44929790497e-05
2.45099067688e-05
2.44649648666e-05
2.44610309601e-05
2.45084762573e-05
2.45182514191e-05
2.44913101196e-05
2.45343446732e-05
2.43766307831e-05
2.43935585022e-05
2.43436098099e-05
2.43008136749e-05
2.4307847023e-05
2.43244171143e-05
2.43340730667e-05
2.43381261826e-05
2.4338722229e-05
2.43775844574e-05
2.43555307388e-05
2.43360996246e-05
2.43281126022e-05
2.43300199509e-05
2.43366956711e-05
2.43575572968e-05
2.42952108383e-05
2.43295431137e-05
2.43135690689e-05
2.43365764618e-05
2.43102312088e-05
2.43390798569e-05
2.43265628815e-05
2.43397951126e-05
2.43750810623e-05
2.43638753891e-05
2.64172554016e-05
2.46175527573e-05
2.46331691742e-05
2.45039463043e-05
2.45468616486e-05
2.44070291519e-05
2.43519544601e-05
2.43444442749e-05
2.44032144547e-05
2.44306325912e-05
2.44745016098e-05
2.44590044022e-05
2.4468421936e-05
2.43705511093e-05
2.44252681732e-05
2.44156122208e-05
2.43866443634e-05
2.43979692459e-05
2.43179798126e-05
2.43328809738e-05
2.43545770645e-05
2.43587493896e-05
2.43183374405e-05
2.43510007858e-05
2.4423122406e-05
2.45422124863e-05
2.44419574738e-05
2.44475603104e-05
2.4569272995e-05
2.44156122208e-05
2.43971347809e-05
2.43798494339e-05
2.44010686874e-05
2.43396759033e-05
2.43803262711e-05
2.43902206421e-05
2.44202613831e-05
2.44493484497e-05
2.43953466415e-05
2.4480342865e-05
2.47606039047e-05
2.45776176453e-05
2.46678590775e-05
2.45878696442e-05
2.46715545654e-05
2.46831178665e-05
2.45385169983e-05
2.4506688118e-05
2.44859457016e-05
2.45172977448e-05
2.45344638824e-05
2.45563983917e-05
2.50316858292e-05
2.4612903595e-05
2.44770050049e-05
2.44957208633e-05
2.45295763016e-05
2.45442390442e-05
2.45414972305e-05
2.4533033371e-05
2.45455503464e-05
2.44977474213e-05
2.44762897491e-05
2.44945287704e-05
2.45077610016e-05
2.44961977005e-05
2.44572162628e-05
2.44561433792e-05
2.44690179825e-05
2.4514913559e-05
2.44956016541e-05
2.4472951889e-05
2.4497628212e-05
2.4533867836e-05
2.45236158371e-05
2.44867801666e-05
2.44652032852e-05
2.44904756546e-05
2.44754552841e-05
2.45978832245e-05
2.45945453644e-05
2.45053768158e-05
2.44584083557e-05
2.4442076683e-05
2.45705842972e-05
2.44649648666e-05
2.44709253311e-05
2.44923830032e-05
2.43898630142e-05
2.4388551712e-05
2.43811607361e-05
2.43970155716e-05
2.43587493896e-05
2.60231494904e-05
2.46412754059e-05
2.45312452316e-05
2.45034694672e-05
2.45410203934e-05
2.44392156601e-05
2.45101451874e-05
2.44591236115e-05
2.45277881622e-05
2.43080854416e-05
2.43411064148e-05
2.44308710098e-05
2.44228839874e-05
2.44306325912e-05
2.44579315186e-05
2.44344472885e-05
2.44481563568e-05
2.44179964066e-05
2.45172977448e-05
2.44669914246e-05
2.44475603104e-05
2.44390964508e-05
2.44779586792e-05
2.44491100311e-05
2.44745016098e-05
2.43768692017e-05
2.44297981262e-05
2.43427753448e-05
2.4423122406e-05
2.46986150742e-05
2.44379043579e-05
2.43697166443e-05
2.43406295776e-05
2.43824720383e-05
2.43829488754e-05
2.43692398071e-05
2.43678092957e-05
2.43191719055e-05
2.43573188782e-05
2.43772268295e-05
2.43556499481e-05
2.43191719055e-05
2.59085893631e-05
2.44977474213e-05
2.45206356049e-05
2.45168209076e-05
2.45277881622e-05
2.4512887001e-05
2.44606733322e-05
2.45693922043e-05
2.45316028595e-05
2.45084762573e-05
2.44967937469e-05
2.4506688118e-05
2.4517416954e-05
2.45046615601e-05
2.45018005371e-05
2.44855880737e-05
2.45109796524e-05
2.45122909546e-05
2.45544910431e-05
2.45212316513e-05
2.45172977448e-05
2.54451036453e-05
2.45513916016e-05
2.45823860168e-05
2.45743989944e-05
2.45685577393e-05
2.45381593704e-05
2.48081684113e-05
2.46112346649e-05
2.45939493179e-05
2.45900154114e-05
2.47187614441e-05
2.45707035065e-05
2.44544744492e-05
2.44164466858e-05
2.44319438934e-05
2.44849920273e-05
2.44903564453e-05
2.44609117508e-05
2.44426727295e-05
2.64426469803e-05
2.45094299316e-05
2.44413614273e-05
2.44346857071e-05
2.44228839874e-05
2.44706869125e-05
2.44019031525e-05
2.43644714355e-05
2.44059562683e-05
2.43904590607e-05
2.44733095169e-05
2.44119167328e-05
2.44127511978e-05
2.44364738464e-05
2.44629383087e-05
2.44290828705e-05
2.44458913803e-05
2.4462223053e-05
2.44648456573e-05
2.43645906448e-05
2.45399475098e-05
2.45013237e-05
2.44884490967e-05
2.45022773743e-05
2.45385169983e-05
2.45816707611e-05
2.46561765671e-05
2.47542858124e-05
2.47476100922e-05
2.51123905182e-05
2.46496200562e-05
2.45605707169e-05
2.4560213089e-05
2.44791507721e-05
2.45010852814e-05
2.44477987289e-05
2.44641304016e-05
2.45016813278e-05
2.51058340073e-05
2.4525642395e-05
2.50672101974e-05
2.47296094894e-05
2.47402191162e-05
2.46652364731e-05
2.46870517731e-05
2.46133804321e-05
2.47520208359e-05
2.46404409409e-05
2.46750116348e-05
2.46732234955e-05
2.46783494949e-05
2.45981216431e-05
2.46398448944e-05
2.46895551682e-05
2.47466564178e-05
2.45410203934e-05
2.45679616928e-05
2.44873762131e-05
2.45307683945e-05
2.4552822113e-05
2.45603322983e-05
2.46719121933e-05
2.45609283447e-05
2.45299339294e-05
2.45205163956e-05
2.45616436005e-05
2.45064496994e-05
2.46682167053e-05
2.45445966721e-05
2.4529337883e-05
2.45703458786e-05
2.4578332901e-05
2.45590209961e-05
2.43763923645e-05
2.44880914688e-05
2.44174003601e-05
2.4423122406e-05
2.44187116623e-05
2.44743824005e-05
2.45586633682e-05
2.44991779327e-05
2.4752497673e-05
2.45485305786e-05
2.46162414551e-05
2.45323181152e-05
2.45473384857e-05
2.4588227272e-05
2.45331525803e-05
2.44960784912e-05
2.45625972748e-05
2.45940685272e-05
2.46268510818e-05
2.45825052261e-05
2.45300531387e-05
2.44542360306e-05
2.45462656021e-05
2.44956016541e-05
2.44699716568e-05
2.45022773743e-05
2.4499297142e-05
2.44938135147e-05
2.44797468185e-05
2.45002508163e-05
2.46789455414e-05
2.4520277977e-05
2.45727300644e-05
2.46210098267e-05
2.47727632523e-05
2.45907306671e-05
2.47640609741e-05
2.46268510818e-05
2.48057842255e-05
2.45471000671e-05
2.44970321655e-05
2.4529337883e-05
2.4561047554e-05
2.44917869568e-05
2.45562791824e-05
2.45356559753e-05
2.58113145828e-05
2.46424674988e-05
2.45989561081e-05
2.45507955551e-05
2.46500968933e-05
2.45717763901e-05
2.45631933212e-05
2.46644020081e-05
2.47172117233e-05
2.46649980545e-05
2.46540307999e-05
2.46855020523e-05
2.46568918228e-05
2.46438980103e-05
2.45834589005e-05
2.45842933655e-05
2.46093273163e-05
2.4596452713e-05
2.46056318283e-05
2.46262550354e-05
2.46584415436e-05
2.46804952621e-05
2.46515274048e-05
2.4604678154e-05
2.4617433548e-05
2.47937440872e-05
2.45702266693e-05
2.46261358261e-05
2.47031450272e-05
2.46354341507e-05
2.47182846069e-05
2.46790647507e-05
2.47478485107e-05
2.49538421631e-05
2.45951414108e-05
2.45254039764e-05
2.45461463928e-05
2.45875120163e-05
2.45124101639e-05
2.46422290802e-05
2.45413780212e-05
2.63576507568e-05
2.47226953506e-05
2.46640443802e-05
2.48398780823e-05
2.47405767441e-05
2.47851610184e-05
2.46963500977e-05
2.47321128845e-05
2.47945785522e-05
2.46297121048e-05
2.45652198792e-05
2.46653556824e-05
2.46700048447e-05
2.47205495834e-05
2.46869325638e-05
2.4787902832e-05
2.48916149139e-05
2.47299671173e-05
2.47211456299e-05
2.47379541397e-05
2.48132944107e-05
2.47315168381e-05
2.46868133545e-05
2.45860815048e-05
2.46094465256e-05
2.46665477753e-05
2.5153875351e-05
2.52431631088e-05
2.4808883667e-05
2.46568918228e-05
2.45001316071e-05
2.46731042862e-05
2.47596502304e-05
2.50041484833e-05
2.44750976563e-05
2.44733095169e-05
2.48173475266e-05
2.4569272995e-05
2.45389938354e-05
2.45140790939e-05
2.45996713638e-05
2.44508981705e-05
2.44818925858e-05
2.45453119278e-05
2.45988368988e-05
2.4489402771e-05
2.4463057518e-05
2.44344472885e-05
2.48864889145e-05
2.44889259338e-05
2.44742631912e-05
2.45087146759e-05
2.45366096497e-05
2.44898796082e-05
2.44979858398e-05
2.44815349579e-05
2.45622396469e-05
2.47068405151e-05
2.463555336e-05
2.46396064758e-05
2.45960950851e-05
2.46450901031e-05
2.45100259781e-05
2.45891809464e-05
2.46192216873e-05
2.46974229813e-05
2.46002674103e-05
2.47671604156e-05
2.59647369385e-05
2.49376296997e-05
2.47538089752e-05
2.52203941345e-05
2.48191356659e-05
2.46214866638e-05
2.46168375015e-05
2.45809555054e-05
2.47530937195e-05
2.47902870178e-05
2.4600148201e-05
2.59612798691e-05
2.47793197632e-05
2.47302055359e-05
2.465736866e-05
2.46295928955e-05
2.46498584747e-05
2.46416330338e-05
2.4649977684e-05
2.46082544327e-05
2.4686217308e-05
2.4444937706e-05
2.44334936142e-05
2.43738889694e-05
2.43887901306e-05
2.44481563568e-05
2.44109630585e-05
2.43803262711e-05
2.4419426918e-05
2.44200229645e-05
2.44036912918e-05
2.43564844131e-05
2.44203805923e-05
2.44443416595e-05
2.44307518005e-05
2.43848562241e-05
2.44015455246e-05
2.45032310486e-05
2.4614572525e-05
2.44182348251e-05
2.45966911316e-05
2.47131586075e-05
2.49273777008e-05
2.4757027626e-05
2.46843099594e-05
2.45155096054e-05
2.45133638382e-05
2.45053768158e-05
2.45144367218e-05
2.45361328125e-05
2.45921611786e-05
2.45419740677e-05
2.45860815048e-05
2.46886014938e-05
2.46933698654e-05
2.46725082397e-05
2.4680018425e-05
2.46429443359e-05
2.45448350906e-05
2.45236158371e-05
2.4561047554e-05
2.45316028595e-05
2.45252847672e-05
2.44889259338e-05
2.45430469513e-05
2.45145559311e-05
2.45236158371e-05
2.45288610458e-05
2.45494842529e-05
2.47361660004e-05
2.47411727905e-05
2.46902704239e-05
2.47441530228e-05
2.47360467911e-05
2.47523784637e-05
2.46937274933e-05
2.47536897659e-05
2.47375965118e-05
2.48472690582e-05
2.48486995697e-05
2.55117416382e-05
2.49854326248e-05
2.49874591827e-05
2.50959396362e-05
2.47457027435e-05
2.45952606201e-05
2.45728492737e-05
2.45553255081e-05
2.47913599014e-05
0.0
