2.7642250061e-06
3.90017032623e-06
4.85610961914e-06
6.03008270264e-06
6.88910484314e-06
8.1022977829e-06
8.74936580658e-06
8.93020629883e-06
9.82642173767e-06
1.05640888214e-05
1.13182067871e-05
1.21387243271e-05
1.28800868988e-05
1.40497684479e-05
1.48187875748e-05
1.55371427536e-05
1.64232254028e-05
1.7236828804e-05
1.79455280304e-05
1.87762975693e-05
1.9447684288e-05
2.12408304214e-05
2.20803022385e-05
2.27564573288e-05
2.34532356262e-05
2.41193771362e-05
2.49117612839e-05
2.55610942841e-05
2.61949300766e-05
2.68180370331e-05
2.75000333786e-05
2.80479192734e-05
2.88385152817e-05
2.95014381409e-05
3.0149102211e-05
3.07939052582e-05
3.16479206085e-05
3.23145389557e-05
3.28656435013e-05
3.36533784866e-05
3.43137979507e-05
3.50278615952e-05
3.57596874237e-05
3.64164113998e-05
3.70371341705e-05
3.77786159515e-05
3.84745597839e-05
3.91229391098e-05
3.98235321045e-05
4.0534734726e-05
4.12505865097e-05
4.19307947159e-05
4.26378250122e-05
4.33504581451e-05
4.38665151596e-05
4.46758270264e-05
4.52735424042e-05
4.58679199219e-05
4.66368198395e-05
4.73388433456e-05
4.79648113251e-05
4.86090183258e-05
4.9432516098e-05
5.01825809479e-05
5.07094860077e-05
5.15289306641e-05
5.21631240845e-05
5.27157783508e-05
5.35103082657e-05
5.41217327118e-05
5.47720193863e-05
5.54634332657e-05
5.6178689003e-05
5.69117069244e-05
5.74605464935e-05
5.82576990128e-05
5.89015483856e-05
5.95527887344e-05
6.0389995575e-05
6.09903335571e-05
6.15345239639e-05
6.23598098755e-05
6.29175901413e-05
6.36724233627e-05
6.41884803772e-05
6.49652481079e-05
6.55866861343e-05
6.62651062012e-05
6.70334100723e-05
6.76007270813e-05
6.82715177536e-05
6.90817832947e-05
6.97038173676e-05
7.03958272934e-05
7.10791349411e-05
7.17083215714e-05
7.23520517349e-05
7.29243755341e-05
7.36817121506e-05
7.43533372879e-05
7.50362873077e-05
7.57455825806e-05
7.63895511627e-05
7.70111083984e-05
7.77558088303e-05
7.84839391708e-05
7.91262388229e-05
7.98273086548e-05
8.04374217987e-05
8.10910463333e-05
8.16578865051e-05
8.24875831604e-05
8.30773115158e-05
8.37585926056e-05
8.46801996231e-05
8.51922035217e-05
8.59124660492e-05
8.66588354111e-05
8.72606039047e-05
8.78715515137e-05
8.85009765625e-05
8.92118215561e-05
8.99119377136e-05
9.05448198318e-05
9.13031101227e-05
9.20128822327e-05
9.26837921143e-05
9.35182571411e-05
9.40401554108e-05
9.46742296219e-05
9.5410823822e-05
9.6137881279e-05
9.67918634415e-05
9.74066257477e-05
9.80837345123e-05
9.87603664398e-05
9.94112491608e-05
0.000100136399269
0.000100657105446
0.00010131084919
0.000102128624916
0.000102778553963
0.000103406429291
0.000104084730148
0.000104754209518
0.000105353236198
0.000105989933014
0.00010678935051
0.000107375860214
0.000107992172241
0.000108871936798
0.000109390974045
0.000110133767128
0.000110808730125
0.000111598372459
0.000112174034119
0.000112886548042
0.000113577008247
0.000114316940308
0.000114774823189
0.000115562915802
0.000116155266762
0.000116849541664
0.000117579460144
0.000118226766586
0.000118847966194
0.000119543075562
0.000120290279388
0.000120900511742
0.000121491193771
0.000122367501259
0.000122885704041
0.000123532295227
0.000124355554581
0.000125453829765
0.000126406788826
0.000127013087273
0.000128867149353
0.000128448843956
0.000129080653191
0.000129773020744
0.000130562186241
0.000131182670593
0.000131879806519
0.000132526516914
0.000133204579353
0.000133892655373
0.000134472250938
0.000135110378265
0.000135913014412
0.000136432647705
0.000137184262276
0.000137796282768
0.000138511300087
0.00013915681839
0.000139832377434
0.000140474200249
0.000141149997711
0.00014182639122
0.000142574310303
0.000143158078194
0.000143782258034
0.000144477367401
0.000145104169846
0.000145932555199
0.00014651286602
0.000147242426872
0.000147858023643
0.000148612618446
0.000149410009384
0.00014994263649
0.00015075480938
0.000151333451271
0.000151894807816
0.000152620077133
0.00015325653553
0.000153902769089
0.000154626488686
0.000155118227005
0.000155987739563
0.000156644821167
0.000157232284546
0.000158047795296
0.00015873503685
0.000159359812737
0.000160076022148
0.000160849809647
0.00016140294075
0.000161937475204
0.000162771582603
0.000163424491882
0.000164211392403
0.000164828658104
0.00016540324688
0.000166102290154
0.00016701734066
0.00016747367382
0.000168127179146
0.000168804049492
0.000169397354126
0.000170097231865
0.000170714139938
0.000171510696411
0.000172836780548
0.000172842264175
0.000173570036888
0.000174188613892
0.000174849867821
0.000175480246544
0.000176108717918
0.000176770091057
0.000177488327026
0.000178145885468
0.000178748607635
0.000179564833641
0.000180158376694
0.00018078327179
0.000181525588036
0.00018215405941
0.000182824492455
0.000183431386948
0.00018662238121
0.000185458898544
0.00018599998951
0.000186372518539
0.000186255812645
0.000187667012215
0.000188540935516
0.000189037561417
0.000189699053764
0.000190258622169
0.000190950155258
0.000191728830338
0.000192408561707
0.000193125247955
0.00019378721714
0.000194465279579
0.000195044875145
0.000195780754089
0.00019656586647
0.000197138786316
0.000197857379913
0.000198197364807
0.000199177145958
0.000199889063835
0.00020047724247
0.000201260924339
0.000201947331429
0.000202471733093
0.000203353285789
0.000203659772873
0.000204647421837
0.000205289363861
0.000205766797066
0.000206684350967
0.000207245349884
0.000207984566689
0.000208598732948
0.000208574652672
0.00020922100544
0.000209855437279
0.000210505247116
0.000211187720299
0.000211987137794
0.00021259534359
0.000213262677193
0.000213850617409
0.000214539289474
0.00021517932415
0.000215939044952
0.000216470837593
0.00021723151207
0.000218052148819
0.00021841442585
0.00021933889389
0.000219921946526
0.00022054028511
0.000221291542053
0.000221988916397
0.000222533106804
0.000223163485527
0.000223920345306
0.000224539875984
0.000225083231926
0.000225925922394
0.000226162195206
0.000226294636726
0.0002269718647
0.000227564454079
0.000228192090988
0.000229091286659
0.000229623794556
0.000230231642723
0.000230903983116
0.000231794953346
0.000234368443489
0.000232868790627
0.000233595013618
0.000234208226204
0.000234889268875
0.000235644817352
0.000236342906952
0.000237010598183
0.000237614393234
0.000238371253014
0.000240452647209
0.000241052150726
0.000240379810333
0.000240942358971
0.000241481542587
0.000242246866226
0.000242891907692
0.000243470191956
0.000244209170341
0.000244914293289
0.000245637774467
0.000246165156364
0.000246805667877
0.000247479915619
0.000248183608055
0.000248951911926
0.00024943780899
0.000249943971634
0.000250911712646
0.000251414299011
0.000252124786377
0.000252933382988
0.000253575563431
0.000254170060158
0.000254787325859
0.000254917025566
0.000257453918457
0.000257435679436
0.000258289217949
0.000259071946144
0.000259696960449
0.000260407328606
0.000259989500046
0.000261816263199
0.000262442827225
0.000261916637421
0.000263906240463
0.000264587044716
0.000265431165695
0.000265859007835
0.000266486763954
0.000267313957214
0.000268129110336
0.000269439935684
0.00027070248127
0.000270928382874
0.000270827293396
0.000271666049957
0.000272061228752
0.000272725582123
0.000273296117783
0.000274219036102
0.000273486614227
0.000274125814438
0.000274825453758
0.000275606155396
0.000276603579521
0.000276878476143
0.00027759373188
0.000279334068298
0.000278602838516
0.00027944111824
0.000280774593353
0.000280681371689
0.000281358480453
0.000282897233963
0.000284158945084
0.00028352022171
0.000284715652466
0.000286178708076
0.000286785125732
0.000287561774254
0.000288388371468
0.00028760933876
0.000289694190025
0.000290576100349
0.000290407180786
0.00029188644886
0.000292510271072
0.00029303920269
0.000293859124184
0.000294259548187
0.000295271158218
0.000294704556465
0.000296434760094
0.000295800328255
0.000297915458679
0.000298416852951
0.00029935324192
0.000298127174377
0.000300633907318
0.000301062703133
0.000301832795143
0.000301389694214
0.000303143978119
0.000304307699203
0.00030507516861
0.000305958390236
0.00030847465992
0.000305170178413
0.000307080507278
0.000306660413742
0.000308466315269
0.000309104204178
0.000309707760811
0.000310260534286
0.000310187578201
0.000311286330223
0.000312208294868
0.000312740445137
0.000313685536385
0.000314083456993
0.000314763188362
0.000315677165985
0.000316233873367
0.000316893696785
0.000317714333534
0.000318234086037
0.000318989753723
0.000319596648216
0.000320323824883
0.000321095585823
0.000321644425392
0.000322613716125
0.000323577880859
0.000324026107788
0.000324828386307
0.000325259327888
0.000326122164726
0.000326581120491
0.000327239990234
0.00032804942131
0.000328591585159
0.000329171180725
0.000329965591431
0.000330367922783
0.000331276535988
0.000332033157349
0.000332442164421
0.000334864377975
0.000338044762611
0.000334767818451
0.000335083723068
0.000336145401001
0.000336638092995
0.000337195277214
0.000337844729424
0.000338651061058
0.000339589238167
0.000340274810791
0.0003405803442
0.000341242671013
0.000342241764069
0.000342722058296
0.000343391895294
0.000343964338303
0.000344731330872
0.000345553517342
0.000345971345901
0.000346789479256
0.000347488880157
0.000348012924194
0.000347893357277
0.000348618268967
0.000349251151085
0.000349822998047
0.000350638270378
0.000351381897926
0.000351834177971
0.000352669000626
0.00035328578949
0.000353962063789
0.000354574799538
0.000355182886124
0.000355930685997
0.000356721401215
0.000357186436653
0.000357900857925
0.000358347058296
0.000359399199486
0.000359925866127
0.000360444188118
0.00036136496067
0.000361997127533
0.00036267387867
0.000364227175713
0.000364270567894
0.000364724397659
0.000365683317184
0.000366304397583
0.000366860747337
0.000367860913277
0.000368131518364
0.000369020819664
0.000369274139404
0.000370477199554
0.000370994925499
0.000371358394623
0.000372406721115
0.000372942209244
0.000373519062996
0.00037423825264
0.000374781370163
0.000375851750374
0.000375920057297
0.000376868605614
0.000377554893494
0.000378274798393
0.000379016757011
0.000379523038864
0.000380066871643
0.000383127450943
0.000381591200829
0.000382427096367
0.000383448719978
0.000383483529091
0.000384674072266
0.000384876132011
0.000386213541031
0.000388313174248
0.000387631058693
0.000394001603127
0.000393353700638
0.000390963673592
0.000391956329346
0.000390484571457
0.000393577933311
0.000393823027611
0.000394729971886
0.000396460175514
0.000397281885147
0.000394830584526
0.000398364901543
0.000395994663239
0.000398355841637
0.000396914601326
0.000397107005119
0.000397856593132
0.000398499250412
0.000399318099022
0.00039971101284
0.000400738477707
0.000401261329651
0.000402037978172
0.000402764439583
0.000403784751892
0.000402922987938
0.000404824852943
0.000407474517822
0.000405304670334
0.000407163023949
0.000409997940063
0.000408065915108
0.000410910129547
0.00041022670269
0.00041190803051
0.000412699341774
0.000415374755859
0.000410823225975
0.000413422584534
0.000412059426308
0.000417237758636
0.000413647413254
0.000413906216621
0.000415634036064
0.000415630698204
0.000416452169418
0.000417548894882
0.000417506217957
0.000418813943863
0.000419007778168
0.000419617533684
0.000420265555382
0.000421253204346
0.000421825885773
0.00042228937149
0.00042302775383
0.000423853397369
0.000424540519714
0.000425366520882
0.000425785899162
0.000426715970039
0.000426976799965
0.000427703261375
0.000428993582726
0.00042898607254
0.000429680466652
0.00043022942543
0.00043153822422
0.000433776378632
0.000438572764397
0.000434293031693
0.000435148835182
0.000435658812523
0.0004365016222
0.000439764738083
0.000438545465469
0.000440735578537
0.000441968083382
0.000440907478333
0.000440669417381
0.000442413449287
0.000443221569061
0.000444886088371
0.000444993376732
0.0004451597929
0.000444177269936
0.000445171713829
0.000446765780449
0.000447698354721
0.0004491096735
0.00044852399826
0.00044833612442
0.000450801491737
0.000451967120171
0.000451995372772
0.000451973319054
0.000453766345978
0.000453765392303
0.000454540252686
0.000454733490944
0.000455758690834
0.000457564592361
0.000458163619041
0.000458065032959
0.00046055328846
0.00045821082592
0.000461090683937
0.000461663365364
0.000465375065804
0.000462414622307
0.000462032437325
0.000466118454933
0.000468901991844
0.000470723628998
0.000473403453827
0.000471260666847
0.000472737431526
0.000466428756714
0.000467523217201
0.000474431872368
0.000473992466927
0.000470842719078
0.000477672457695
0.000477448105812
0.000477249383926
0.000473105430603
0.000477978944778
0.000479766249657
0.000473725557327
0.000480578422546
0.000482460856438
0.000478687763214
0.000483685016632
0.000484596133232
0.000481031775475
0.000488643288612
0.000489096403122
0.000484842777252
0.000482430696487
0.000481696248055
0.000486278891563
0.000484651684761
0.00048521053791
0.000488614678383
0.000488350868225
0.000488570809364
0.000491762042046
0.000491337895393
0.000489802360535
0.000494360208511
0.00049319422245
0.00049180316925
0.000489921212196
0.000490881800652
0.0004936876297
0.00049244582653
0.000493229985237
0.000496082425117
0.000496353626251
0.000495190501213
0.000496886968613
0.000500592470169
0.000501846909523
0.000498825788498
0.000501698493958
0.000503763198853
0.000503185391426
0.000503688454628
0.0005115493536
0.000504991889
0.0005024715662
0.000505579948425
0.00050698018074
0.000506832003593
0.000506508111954
0.000508884310722
0.000511336922646
0.000510830402374
0.000511601567268
0.000509556412697
0.000511577606201
0.000514683842659
0.000513904571533
0.000514979720116
0.000513581156731
0.000517837166786
0.000516240119934
0.000516893982887
0.000519287586212
0.00051556456089
0.000520689606667
0.000521946787834
0.000518140077591
0.000529187917709
0.000526968121529
0.000523874402046
0.00052278149128
0.000525834202766
0.000525134205818
0.000529211878777
0.000525432109833
0.000527877926826
0.000530072569847
0.000532425761223
0.00053132712841
0.000531166553497
0.000533043146133
0.000538587093353
0.00054098212719
0.000540281772614
0.000539097309113
0.000540114998817
0.000541115999222
0.000543532133102
0.000542987823486
0.000544959187508
0.000546407580376
0.000542606472969
0.000543288469315
0.000547184824944
0.000544882297516
0.000550387740135
0.000549300670624
0.000551704764366
0.000549474954605
0.000546818614006
0.000544491887093
0.00054513335228
0.000544091582298
0.00054801440239
0.000547870397568
0.000548773050308
0.000548805713654
0.000549226045609
0.000550557017326
0.000552081465721
0.000551401495934
0.000553077697754
0.000553664922714
0.000554018139839
0.000556112885475
0.000557663798332
0.00055711376667
0.000558329463005
0.000554231286049
0.000559525847435
0.000563684225082
0.000564231157303
0.000579954504967
0.000565557122231
0.000568315029144
0.000569242954254
0.000567763209343
0.00056892311573
0.000569159150124
0.000574575066566
0.000574749350548
0.000572727680206
0.000575872659683
0.000576480031013
0.000570902585983
0.000576162219048
0.000576570034027
0.000578953027725
0.000582801938057
0.000583517670631
0.000584487318993
0.000585249304771
0.00058622276783
0.000585784316063
0.000586495876312
0.000585073471069
0.000588457584381
0.00059045279026
0.00059018611908
0.000588772177696
0.000599683523178
0.000591583967209
0.000591604948044
0.00059282374382
0.00059310400486
0.000590161800385
0.000594738006592
0.000597764134407
0.000602039933205
0.000602509140968
0.000600752472878
0.000605360388756
0.000606418251991
0.000608880281448
0.000610754966736
0.000612333297729
0.000609512686729
0.000612185239792
0.000612911581993
0.000614192843437
0.000612415313721
0.000620023369789
0.000633949041367
0.000620792269707
0.000623642206192
0.000621485948563
0.000624876379967
0.00062378692627
0.000620851039886
0.000629608392715
0.000633749723434
0.000633037686348
0.000627782225609
0.000629724025726
0.000630840420723
0.000636127114296
0.000635844826698
0.000636690855026
0.000638337731361
0.000644294142723
0.000635874986649
0.000639694929123
0.000639539957047
0.000642986655235
0.000643135309219
0.000650978207588
0.000649512529373
0.000649343132973
0.000663060903549
0.000650190234184
0.000652536034584
0.000656270980835
0.000652770280838
0.000656726002693
0.000655334234238
0.000653102278709
0.000655089497566
0.000658757925034
0.000657786250114
0.000659480214119
0.000662464380264
0.000661027193069
0.00066535449028
0.000664617419243
0.000666044712067
0.000668272137642
0.000668434858322
0.000682273626328
0.000691432833672
0.000670305490494
0.000676363945007
0.000678308725357
0.000672662734985
0.000678899049759
0.00068034183979
0.000681312084198
0.000683560490608
0.000684461712837
0.000687863588333
0.000693362355232
0.000698527574539
0.000701350688934
0.000698825120926
0.000703508734703
0.000702845811844
0.000685596227646
0.000686524271965
0.000692397713661
0.000687806248665
0.000689955234528
0.000695228338242
0.000698669552803
0.000703889489174
0.000691696643829
0.000694138646126
0.000696930170059
0.000701078772545
0.000701891899109
0.000696572422981
0.000699513792992
0.00069879925251
0.000699114561081
0.000702283382416
0.000704211592674
0.000706713676453
0.00070455956459
0.000707856416702
0.000710099101067
0.00071156847477
0.000713059306145
0.000763069629669
0.000723225474358
0.000720325827599
0.000722361683846
0.000725526332855
0.000724507212639
0.000727288603783
0.000728958129883
0.000728709936142
0.000730425596237
0.000732716679573
0.000734161376953
0.000736981868744
0.00073895072937
0.000736221790314
0.000741306066513
0.000741325139999
0.000744615316391
0.00074654340744
0.000747530937195
0.000748538970947
0.000752312064171
0.000752556204796
0.000775911331177
0.000764577627182
0.000765968203545
0.000760885357857
0.000765385270119
0.000767006278038
0.000772303819656
0.000770722866058
0.00077300965786
0.000771120548248
0.000775602817535
0.000773705482483
0.00077980017662
0.000775643825531
0.000778962373734
0.000785514354706
0.000816381692886
0.000805278539658
0.000784397363663
0.000789700865746
0.00078688621521
0.000789793610573
0.000797852873802
0.00079253745079
0.000784731864929
0.000785457253456
0.000787804484367
0.000792416334152
0.000793927192688
0.000793972492218
0.00079621386528
0.000796521186829
0.000801905751228
0.000801482081413
0.000803095221519
0.000811909675598
0.000813720822334
0.000830280184746
0.000814213991165
0.000812120079994
0.000816165089607
0.000820734262466
0.000822783708572
0.000825052380562
0.0008256919384
0.000830861091614
0.000831251740456
0.00083125269413
0.000836097002029
0.000836073637009
0.000837335824966
0.000838260889053
0.000844579219818
0.000887463092804
0.000845703244209
0.000843247294426
0.000852512478828
0.000858988404274
0.000860122680664
0.000859673380852
0.000865450620651
0.000866565346718
0.000872366189957
0.000874872088432
0.000881942987442
0.000881367325783
0.000879877090454
0.000881698012352
0.000883072376251
0.000886280417442
0.000897299289703
0.000890005469322
0.000907185316086
0.000883165955544
0.000885407447815
0.000888194084167
0.000897948503494
0.000888409733772
0.000889902234077
0.000894072651863
0.000899885058403
0.000905014157295
0.000908811926842
0.000910982370377
0.000912759661674
0.000915805578232
0.000937301516533
0.000943797945976
0.000923954606056
0.000922429084778
0.000917143106461
0.000929285287857
0.000929116010666
0.000928900837898
0.000937093496323
0.000941593885422
0.000939617872238
0.000940362215042
0.000949406147003
0.000947370171547
0.000946643829346
0.000950090765953
0.000946673750877
0.000950055480003
0.000967396378517
0.000958931922913
0.000949509501457
0.000953603029251
0.000962517023087
0.000960820794106
0.000961914420128
0.000969497323036
0.000974756717682
0.00096189057827
0.000978493571281
0.000975468397141
0.000970693588257
0.00098759329319
0.00103419792652
0.000989769697189
0.000987776398659
0.00099365913868
0.000994649291039
0.000990656733513
0.00100141251087
0.000992655038834
0.00100199234486
0.00100229144096
0.00101051211357
0.000995638728142
0.00100324594975
0.0010099042654
0.00100684034824
0.00101201426983
0.00100840139389
0.00103400099277
0.00101098108292
0.00102180790901
0.00101975345612
0.00102958714962
0.00101713705063
0.00102890360355
0.00102526187897
0.00103029704094
0.00103307914734
0.000992978692055
0.00096159529686
0.00100185132027
0.000962373375893
0.000967504620552
0.000965463280678
0.000962965250015
0.000972790598869
0.00097145986557
0.000973126530647
0.000969149589539
0.000985522031784
0.000975459337234
0.000984182357788
0.000981418251991
0.000987955093384
0.000992701888084
0.00100029468536
0.000999509453773
0.00101507139206
0.00102442169189
0.00101598525047
0.00101841294765
0.00101441478729
0.00101630985737
0.00101959264278
0.00102157914639
0.00101779234409
0.00103029382229
0.00102510404587
0.00102601242065
0.00104454100132
0.00106143152714
0.00103860497475
0.00103388476372
0.00103058409691
0.00104565894604
0.0010326114893
0.00102775216103
0.00103821134567
0.00103920948505
0.00104238152504
0.00105194377899
0.00104697012901
0.00104822039604
0.00105237483978
0.00106857764721
0.00106734025478
0.00107741355896
0.00111420667171
0.00114123535156
0.00113911092281
0.001137327075
0.00113835763931
0.0011480846405
0.00115292751789
0.00114485156536
0.00115345132351
0.00115378880501
0.0012076318264
0.00116716098785
0.00117789793015
0.00115896356106
0.00116120672226
0.00116336095333
0.0011777588129
0.00116029000282
0.00116124367714
0.00117115437984
0.0011710113287
0.00117002868652
0.00117576909065
0.00118187248707
0.00118364775181
0.00119631612301
0.00118447446823
0.00118494200706
0.00118560838699
0.00119629788399
0.00119322693348
0.00119307529926
0.00119809353352
0.00119735240936
0.00119719195366
0.00125700056553
0.00120430493355
0.00119345903397
0.00120172870159
0.00121483635902
0.00121629583836
0.00122241270542
0.00123304140568
0.00122075259686
0.00122904002666
0.00122547185421
0.00122685146332
0.00122706031799
0.0012371172905
0.00123689842224
0.00125818395615
0.00124152195454
0.00123889267445
0.00124266898632
0.00123661863804
0.0012471255064
0.00124454295635
0.00124522829056
0.00125199604034
0.00128282248974
0.00125614190102
0.00127330553532
0.00125809252262
0.00124799060822
0.00125557804108
0.00125637698174
0.0013010904789
0.00127413439751
0.00127351009846
0.00126809811592
0.00127681148052
0.00128136897087
0.00129366731644
0.0013262103796
0.00128437972069
0.00128205907345
0.00129396617413
0.00128866732121
0.00127617049217
0.00127565526962
0.00128652870655
0.00130072021484
0.00130772805214
0.00133503353596
0.00128739118576
0.00129713833332
0.00130830943584
0.00129194641113
0.0012911106348
0.00130231702328
0.00129844558239
0.00131378853321
0.00130573046207
0.00131086599827
0.00131789183617
0.00131263804436
0.00132836925983
0.00131838715076
0.00130821847916
0.00129432535172
0.00131298327446
0.00131253778934
0.00132315635681
0.00131482684612
0.00132517230511
0.001375238657
0.00135323297977
0.00131735336781
0.00132124936581
0.00132189452648
0.0013256675005
0.00132551300526
0.00132843029499
0.00131914973259
0.00133340322971
0.00132179689407
0.00132673621178
0.00133365416527
0.00132636654377
0.00135645866394
0.00135879564285
0.00133914136887
0.00134126067162
0.00134704732895
0.00134461927414
0.0013431302309
0.00133825516701
0.00134349966049
0.00142306339741
0.00134641635418
0.00135176348686
0.00134723889828
0.00135840201378
0.00136553919315
0.00135986375809
0.00136834108829
0.0013684476614
0.00137514936924
0.00136622679234
0.001373737216
0.00136585152149
0.00139030301571
0.00136837017536
0.0013725477457
0.00137377464771
0.00137418425083
0.00136934685707
0.00137671065331
0.00139219307899
0.00139569175243
0.00152002453804
0.00140422487259
0.00139923298359
0.00143063592911
0.00137996995449
0.0013670450449
0.00137139713764
0.00138082623482
0.00137816751003
0.00139768362045
0.0014157538414
0.00141340482235
0.00143724417686
0.0014151828289
0.00140516912937
0.00142880511284
0.00142259049416
0.00143006050587
0.00141398644447
0.00142084085941
0.00144517445564
0.00150707745552
0.00143319416046
0.00143746805191
0.0014359562397
0.00142937099934
0.00143669009209
0.00144806337357
0.00144444561005
0.00143760490417
0.00144489049911
0.00144125831127
0.00145606291294
0.00147418320179
0.00148013234138
0.00147664368153
0.00146264576912
0.00146465218067
0.00146056222916
0.00146114969254
0.00146568012238
0.00156560409069
0.00146817731857
0.0014910390377
0.00146875226498
0.00149170148373
0.00148043751717
0.00150217974186
0.00148650038242
0.00150171732903
0.00149761724472
0.0015052421093
0.00149574673176
0.00153125178814
0.00148893725872
0.00150814676285
0.0015060428381
0.00149363076687
0.0014671626091
0.00146836185455
0.0014560533762
0.00157180726528
0.00146484160423
0.00149032282829
0.00145036995411
0.0015225148201
0.00148619949818
0.00148628771305
0.0014915651083
0.00151056814194
0.00150385379791
0.00150567388535
0.00156532335281
0.00159883379936
0.00156396639347
0.00152618384361
0.00156835448742
0.00155138516426
0.00154205036163
0.00156140315533
0.00154832279682
0.00162236452103
0.00157041347027
0.00155107688904
0.0015652692318
0.00155724024773
0.00153554427624
0.0015375341177
0.00157473909855
0.00155750501156
0.00156232619286
0.00154529607296
0.00151113533974
0.00160576510429
0.00158754181862
0.00160213458538
0.00159719669819
0.00158367288113
0.00158929789066
0.0017096606493
0.00163408482075
0.00158751225471
0.00161938405037
0.00159282910824
0.00158469128609
0.00161803901196
0.00162872481346
0.00157272577286
0.00159792220592
0.00162593412399
0.00159617435932
0.00161965966225
0.00164571177959
0.00162123394012
0.00160605823994
0.00163765394688
0.00163687026501
0.0016188826561
0.00173720216751
0.0
0.0
0.0
0.0
0.0
0.0
0.0
0.0
0.0
0.0
0.0
0.0
0.0
0.0
0.0
0.0
0.0
0.0
0.0
0.0
0.0
0.0
0.0
0.0
0.0
0.0
0.0
0.0
0.0
0.0
0.0
0.0
0.0
0.0
0.0
0.0
0.0
0.0
0.0
0.0
0.0
0.0
0.0
0.0
0.0
0.0
0.0
0.0
0.0
0.0
0.0
0.0
0.0
0.0
0.0
0.0
0.0
0.0
0.0
0.0
0.0
0.0
0.0
0.0
0.0
0.0
0.0
0.0
0.0
0.0
0.0
0.0
0.0
0.0
0.0
0.0
0.0
0.0
0.0
0.0
0.0
0.0
0.0
0.0
0.0
0.0
0.0
0.0
0.0
0.0
0.0
0.0
0.0
0.0
0.0
0.0
0.0
0.0
0.0
0.0
0.0
0.0
0.0
0.0
0.0
0.0
0.0
0.0
0.0
0.0
0.0
0.0
0.0
0.0
0.0
0.0
0.0
0.0
0.0
0.0
0.0
0.0
0.0
0.0
0.0
0.0
0.0
0.0
0.0
0.0
0.0
0.0
0.0
0.0
0.0
0.0
0.0
0.0
0.0
0.0
0.0
0.0
0.0
0.0
0.0
0.0
0.0
0.0
0.0
0.0
0.0
0.0
0.0
0.0
0.0
0.0
0.0
0.0
0.0
0.0
0.0
0.0
0.0
0.0
0.0
0.0
0.0
0.0
0.0
0.0
0.0
0.0
0.0
0.0
0.0
0.0
0.0
0.0
0.0
0.0
0.0
0.0
0.0
0.0
0.0
0.0
0.0
0.0
0.0
0.0
0.0
0.0
0.0
0.0
0.0
0.0
0.0
0.0
0.0
0.0
0.0
0.0
0.0
0.0
0.0
0.0
0.0
0.0
0.0
0.0
0.0
0.0
0.0
0.0
0.0
0.0
0.0
0.0
0.0
0.0
0.0
0.0
0.0
0.0
0.0
0.0
0.0
0.0
0.0
0.0
0.0
0.0
0.0
0.0
0.0
0.0
0.0
0.0
0.0
0.0
0.0
0.0
0.0
0.0
0.0
0.0
0.0
0.0
0.0
0.0
0.0
0.0
0.0
0.0
0.0
0.0
0.0
0.0
0.0
0.0
0.0
0.0
0.0
0.0
0.0
0.0
0.0
0.0
0.0
0.0
0.0
0.0
0.0
0.0
0.0
0.0
0.0
0.0
0.0
0.0
0.0
0.0
0.0
0.0
0.0
0.0
0.0
0.0
0.0
0.0
0.0
0.0
0.0
0.0
0.0
0.0
0.0
0.0
0.0
0.0
0.0
0.0
0.0
0.0
0.0
0.0
0.0
0.0
0.0
0.0
0.0
0.0
0.0
0.0
0.0
0.0
0.0
0.0
0.0
0.0
0.0
0.0
0.0
0.0
0.0
0.0
0.0
0.0
0.0
0.0
0.0
0.0
0.0
0.0
0.0
0.0
0.0
0.0
0.0
0.0
0.0
0.0
0.0
0.0
0.0
0.0
0.0
0.0
0.0
0.0
0.0
0.0
0.0
0.0
0.0
0.0
0.0
0.0
0.0
0.0
0.0
0.0
0.0
0.0
0.0
0.0
0.0
0.0
0.0
0.0
0.0
0.0
0.0
0.0
0.0
0.0
0.0
0.0
0.0
0.0
0.0
0.0
0.0
0.0
0.0
0.0
0.0
0.0
0.0
0.0
0.0
0.0
0.0
0.0
0.0
0.0
0.0
0.0
0.0
0.0
0.0
0.0
0.0
0.0
0.0
0.0
0.0
0.0
0.0
0.0
0.0
0.0
0.0
0.0
0.0
0.0
0.0
0.0
0.0
0.0
0.0
0.0
0.0
0.0
0.0
0.0
0.0
0.0
0.0
0.0
0.0
0.0
0.0
0.0
0.0
0.0
0.0
0.0
0.0
0.0
0.0
0.0
0.0
0.0
0.0
0.0
0.0
0.0
0.0
0.0
0.0
0.0
0.0
0.0
0.0
0.0
0.0
0.0
0.0
0.0
0.0
0.0
0.0
0.0
0.0
0.0
0.0
0.0
0.0
0.0
0.0
0.0
0.0
0.0
0.0
0.0
0.0
0.0
0.0
0.0
0.0
0.0
0.0
0.0
0.0
0.0
0.0
0.0
0.0
0.0
0.0
0.0
0.0
0.0
0.0
0.0
0.0
0.0
0.0
0.0
0.0
0.0
0.0
0.0
0.0
0.0
0.0
0.0
0.0
0.0
0.0
0.0
0.0
0.0
0.0
0.0
0.0
0.0
0.0
0.0
0.0
0.0
0.0
0.0
0.0
0.0
0.0
0.0
0.0
0.0
0.0
0.0
0.0
0.0
0.0
0.0
0.0
0.0
0.0
0.0
0.0
0.0
0.0
0.0
0.0
0.0
0.0
0.0
0.0
0.0
0.0
0.0
0.0
0.0
0.0
0.0
0.0
0.0
0.0
0.0
0.0
0.0
0.0
0.0
0.0
0.0
0.0
0.0
0.0
0.0
0.0
0.0
0.0
0.0
0.0
0.0
0.0
0.0
0.0
0.0
0.0
0.0
0.0
0.0
0.0
0.0
0.0
0.0
0.0
0.0
0.0
0.0
0.0
0.0
0.0
0.0
0.0
0.0
0.0
0.0
0.0
0.0
0.0
0.0
0.0
0.0
0.0
0.0
0.0
0.0
0.0
0.0
0.0
0.0
0.0
0.0
0.0
0.0
0.0
0.0
0.0
0.0
0.0
0.0
0.0
0.0
0.0
0.0
0.0
0.0
0.0
0.0
0.0
0.0
0.0
0.0
0.0
0.0
0.0
0.0
0.0
0.0
0.0
0.0
0.0
0.0
0.0
0.0
0.0
0.0
0.0
0.0
0.0
0.0
0.0
0.0
0.0
0.0
0.0
0.0
0.0
0.0
0.0
0.0
0.0
0.0
0.0
0.0
0.0
0.0
0.0
0.0
0.0
0.0
0.0
0.0
0.0
0.0
0.0
0.0
0.0
0.0
0.0
0.0
0.0
0.0
0.0
0.0
0.0
0.0
0.0
0.0
0.0
0.0
0.0
0.0
0.0
0.0
0.0
0.0
0.0
0.0
0.0
0.0
0.0
0.0
0.0
0.0
0.0
0.0
0.0
0.0
0.0
0.0
0.0
0.0
0.0
0.0
0.0
0.0
0.0
0.0
0.0
0.0
0.0
0.0
0.0
0.0
0.0
0.0
0.0
0.0
0.0
0.0
0.0
0.0
0.0
0.0
0.0
0.0
0.0
0.0
0.0
0.0
0.0
0.0
0.0
0.0
0.0
0.0
0.0
0.0
0.0
0.0
0.0
0.0
0.0
0.0
0.0
0.0
0.0
0.0
0.0
0.0
0.0
0.0
0.0
0.0
0.0
0.0
0.0
0.0
0.0
0.0
0.0
0.0
0.0
0.0
0.0
0.0
0.0
0.0
0.0
0.0
0.0
0.0
0.0
0.0
0.0
0.0
0.0
0.0
0.0
0.0
0.0
0.0
0.0
0.0
0.0
0.0
0.0
0.0
0.0
0.0
0.0
0.0
0.0
0.0
0.0
0.0
0.0
0.0
0.0
0.0
0.0
0.0
0.0
0.0
0.0
0.0
0.0
0.0
0.0
0.0
0.0
0.0
0.0
0.0
0.0
0.0
0.0
0.0
0.0
0.0
0.0
0.0
0.0
0.0
0.0
0.0
0.0
0.0
0.0
0.0
0.0
0.0
0.0
0.0
0.0
0.0
0.0
0.0
0.0
0.0
0.0
0.0
0.0
0.0
0.0
0.0
0.0
0.0
0.0
0.0
0.0
0.0
0.0
0.0
0.0
0.0
0.0
0.0
0.0
0.0
0.0
0.0
0.0
0.0
0.0
0.0
0.0
0.0
0.0
0.0
0.0
0.0
0.0
0.0
0.0
0.0
0.0
0.0
0.0
0.0
0.0
0.0
0.0
0.0
0.0
0.0
0.0
0.0
0.0
0.0
0.0
0.0
0.0
0.0
0.0
0.0
0.0
0.0
0.0
0.0
0.0
0.0
0.0
0.0
0.0
0.0
0.0
0.0
0.0
0.0
0.0
0.0
0.0
0.0
0.0
0.0
0.0
0.0
0.0
0.0
0.0
0.0
0.0
0.0
0.0
0.0
0.0
0.0
0.0
0.0
0.0
0.0
0.0
0.0
0.0
0.0
0.0
0.0
0.0
0.0
0.0
0.0
0.0
0.0
0.0
0.0
0.0
0.0
0.0
0.0
0.0
0.0
0.0
0.0
0.0
0.0
0.0
0.0
0.0
0.0
0.0
0.0
0.0
0.0
0.0
0.0
0.0
0.0
0.0
0.0
0.0
0.0
0.0
0.0
0.0
0.0
0.0
0.0
0.0
0.0
0.0
0.0
0.0
0.0
0.0
0.0
0.0
0.0
0.0
0.0
0.0
0.0
0.0
0.0
0.0
0.0
0.0
0.0
0.0
0.0
0.0
0.0
0.0
0.0
0.0
0.0
0.0
0.0
0.0
0.0
0.0
0.0
0.0
0.0
0.0
0.0
0.0
0.0
0.0
0.0
0.0
0.0
0.0
0.0
0.0
0.0
0.0
0.0
0.0
0.0
0.0
0.0
0.0
0.0
0.0
0.0
0.0
0.0
0.0
0.0
0.0
0.0
0.0
0.0
0.0
0.0
0.0
0.0
0.0
0.0
0.0
0.0
0.0
0.0
0.0
0.0
0.0
0.0
0.0
0.0
0.0
0.0
0.0
0.0
0.0
0.0
0.0
0.0
0.0
0.0
0.0
0.0
0.0
0.0
0.0
0.0
0.0
0.0
0.0
0.0
0.0
0.0
0.0
0.0
0.0
0.0
0.0
0.0
0.0
0.0
0.0
0.0
0.0
0.0
0.0
0.0
0.0
0.0
0.0
0.0
0.0
0.0
0.0
0.0
0.0
0.0
0.0
0.0
0.0
0.0
0.0
0.0
0.0
0.0
0.0
0.0
0.0
0.0
0.0
0.0
0.0
0.0
0.0
0.0
0.0
0.0
0.0
0.0
0.0
0.0
0.0
0.0
0.0
0.0
0.0
0.0
0.0
0.0
0.0
0.0
0.0
0.0
0.0
0.0
0.0
0.0
0.0
0.0
0.0
0.0
0.0
0.0
0.0
0.0
0.0
0.0
0.0
0.0
0.0
0.0
0.0
0.0
0.0
0.0
0.0
0.0
0.0
0.0
0.0
0.0
0.0
0.0
0.0
0.0
0.0
0.0
0.0
0.0
0.0
0.0
0.0
0.0
0.0
0.0
0.0
0.0
0.0
0.0
0.0
0.0
0.0
0.0
0.0
0.0
0.0
0.0
0.0
0.0
0.0
0.0
0.0
0.0
0.0
0.0
0.0
0.0
0.0
0.0
0.0
0.0
0.0
0.0
0.0
0.0
0.0
0.0
0.0
0.0
0.0
0.0
0.0
0.0
0.0
0.0
0.0
0.0
0.0
0.0
0.0
0.0
0.0
0.0
0.0
0.0
0.0
0.0
0.0
0.0
0.0
0.0
0.0
0.0
0.0
0.0
0.0
0.0
0.0
0.0
0.0
0.0
0.0
0.0
0.0
0.0
0.0
0.0
0.0
0.0
0.0
0.0
0.0
0.0
0.0
0.0
0.0
0.0
0.0
0.0
0.0
0.0
0.0
0.0
0.0
0.0
0.0
0.0
0.0
0.0
0.0
0.0
0.0
0.0
0.0
0.0
0.0
0.0
0.0
0.0
0.0
0.0
0.0
0.0
0.0
0.0
0.0
0.0
0.0
0.0
0.0
0.0
0.0
0.0
0.0
0.0
0.0
0.0
0.0
0.0
0.0
0.0
0.0
0.0
0.0
0.0
0.0
0.0
0.0
0.0
0.0
0.0
0.0
0.0
0.0
0.0
0.0
0.0
0.0
0.0
0.0
0.0
0.0
0.0
0.0
0.0
0.0
0.0
0.0
0.0
0.0
0.0
0.0
0.0
0.0
0.0
0.0
0.0
0.0
0.0
0.0
0.0
0.0
0.0
0.0
0.0
0.0
0.0
0.0
0.0
0.0
0.0
0.0
0.0
0.0
0.0
0.0
0.0
0.0
0.0
0.0
0.0
0.0
0.0
0.0
0.0
0.0
0.0
0.0
0.0
0.0
0.0
0.0
0.0
0.0
0.0
0.0
0.0
0.0
0.0
0.0
0.0
0.0
0.0
0.0
0.0
0.0
0.0
0.0
0.0
0.0
0.0
0.0
0.0
0.0
0.0
0.0
0.0
0.0
0.0
0.0
0.0
0.0
0.0
0.0
0.0
0.0
0.0
0.0
0.0
0.0
0.0
0.0
0.0
0.0
0.0
0.0
0.0
0.0
0.0
0.0
0.0
0.0
0.0
0.0
0.0
0.0
0.0
0.0
0.0
0.0
0.0
0.0
0.0
0.0
0.0
0.0
0.0
0.0
0.0
0.0
0.0
0.0
0.0
0.0
0.0
0.0
0.0
0.0
0.0
0.0
0.0
0.0
0.0
0.0
0.0
0.0
0.0
0.0
0.0
0.0
0.0
0.0
0.0
0.0
0.0
0.0
0.0
0.0
0.0
0.0
0.0
0.0
0.0
0.0
0.0
0.0
0.0
0.0
0.0
0.0
0.0
0.0
0.0
0.0
0.0
0.0
0.0
0.0
0.0
0.0
0.0
0.0
0.0
0.0
0.0
0.0
0.0
0.0
0.0
0.0
0.0
0.0
0.0
0.0
0.0
0.0
0.0
0.0
0.0
0.0
0.0
0.0
0.0
0.0
0.0
0.0
0.0
0.0
0.0
0.0
0.0
0.0
0.0
0.0
0.0
0.0
0.0
0.0
0.0
0.0
0.0
0.0
0.0
0.0
0.0
0.0
0.0
0.0
0.0
0.0
0.0
0.0
0.0
0.0
0.0
0.0
0.0
0.0
0.0
0.0
0.0
0.0
0.0
0.0
0.0
0.0
0.0
0.0
0.0
0.0
0.0
0.0
0.0
0.0
0.0
0.0
0.0
0.0
0.0
0.0
0.0
0.0
0.0
0.0
0.0
0.0
0.0
0.0
0.0
0.0
0.0
0.0
0.0
0.0
0.0
0.0
0.0
0.0
0.0
0.0
0.0
0.0
0.0
0.0
0.0
0.0
0.0
0.0
0.0
0.0
0.0
0.0
0.0
0.0
0.0
0.0
0.0
0.0
0.0
0.0
0.0
0.0
0.0
0.0
0.0
0.0
0.0
0.0
0.0
0.0
0.0
0.0
0.0
0.0
0.0
0.0
0.0
0.0
0.0
0.0
0.0
0.0
0.0
0.0
0.0
0.0
0.0
0.0
0.0
0.0
0.0
0.0
0.0
0.0
0.0
0.0
0.0
0.0
0.0
0.0
0.0
0.0
0.0
0.0
0.0
0.0
0.0
0.0
0.0
0.0
0.0
0.0
0.0
0.0
0.0
0.0
0.0
0.0
0.0
0.0
0.0
0.0
0.0
0.0
0.0
0.0
0.0
0.0
0.0
0.0
0.0
0.0
0.0
0.0
0.0
0.0
0.0
0.0
0.0
0.0
0.0
0.0
0.0
0.0
0.0
0.0
0.0
0.0
0.0
0.0
0.0
0.0
0.0
0.0
0.0
0.0
0.0
0.0
0.0
0.0
0.0
0.0
0.0
0.0
0.0
0.0
0.0
0.0
0.0
0.0
0.0
0.0
0.0
0.0
0.0
0.0
0.0
0.0
0.0
0.0
0.0
0.0
0.0
0.0
0.0
0.0
0.0
0.0
0.0
0.0
0.0
0.0
0.0
0.0
0.0
0.0
0.0
0.0
0.0
0.0
0.0
0.0
0.0
0.0
0.0
0.0
0.0
0.0
0.0
0.0
0.0
0.0
0.0
0.0
0.0
0.0
0.0
0.0
0.0
0.0
0.0
0.0
0.0
0.0
0.0
0.0
0.0
0.0
0.0
0.0
0.0
0.0
0.0
0.0
0.0
0.0
0.0
0.0
0.0
0.0
0.0
0.0
0.0
0.0
0.0
0.0
0.0
0.0
0.0
0.0
0.0
0.0
0.0
0.0
0.0
0.0
0.0
0.0
0.0
0.0
0.0
0.0
0.0
0.0
0.0
0.0
0.0
0.0
0.0
0.0
0.0
0.0
0.0
0.0
0.0
0.0
0.0
0.0
0.0
0.0
0.0
0.0
0.0
0.0
0.0
0.0
0.0
0.0
0.0
0.0
0.0
0.0
0.0
0.0
0.0
0.0
0.0
0.0
0.0
0.0
0.0
0.0
0.0
0.0
0.0
0.0
0.0
0.0
0.0
0.0
0.0
0.0
0.0
0.0
0.0
0.0
0.0
0.0
0.0
0.0
0.0
0.0
0.0
0.0
0.0
0.0
0.0
0.0
0.0
0.0
0.0
0.0
0.0
0.0
0.0
0.0
0.0
0.0
0.0
0.0
0.0
0.0
0.0
0.0
0.0
0.0
0.0
0.0
0.0
0.0
0.0
0.0
0.0
0.0
0.0
0.0
0.0
0.0
0.0
0.0
0.0
0.0
0.0
0.0
0.0
0.0
0.0
0.0
0.0
0.0
0.0
0.0
0.0
0.0
0.0
0.0
0.0
0.0
0.0
0.0
0.0
0.0
0.0
0.0
0.0
0.0
0.0
0.0
0.0
0.0
0.0
0.0
0.0
0.0
0.0
0.0
0.0
0.0
0.0
0.0
0.0
0.0
0.0
0.0
0.0
0.0
0.0
0.0
0.0
0.0
0.0
0.0
0.0
0.0
0.0
0.0
0.0
0.0
0.0
0.0
0.0
0.0
0.0
0.0
0.0
0.0
0.0
0.0
0.0
0.0
0.0
0.0
0.0
0.0
0.0
0.0
0.0
0.0
0.0
0.0
0.0
0.0
0.0
0.0
0.0
0.0
0.0
0.0
0.0
0.0
0.0
0.0
0.0
0.0
0.0
0.0
0.0
0.0
0.0
0.0
0.0
0.0
0.0
0.0
0.0
0.0
0.0
0.0
0.0
0.0
0.0
0.0
0.0
0.0
0.0
0.0
0.0
0.0
0.0
0.0
0.0
0.0
0.0
0.0
0.0
0.0
0.0
0.0
0.0
0.0
0.0
0.0
0.0
0.0
0.0
0.0
0.0
0.0
0.0
0.0
0.0
0.0
0.0
0.0
0.0
0.0
0.0
0.0
0.0
0.0
0.0
0.0
0.0
0.0
0.0
0.0
0.0
0.0
0.0
0.0
0.0
0.0
0.0
0.0
0.0
0.0
0.0
0.0
0.0
0.0
0.0
0.0
0.0
0.0
0.0
0.0
0.0
0.0
0.0
0.0
0.0
0.0
0.0
0.0
0.0
0.0
0.0
0.0
0.0
0.0
0.0
0.0
0.0
0.0
0.0
0.0
0.0
0.0
0.0
0.0
0.0
0.0
0.0
0.0
0.0
0.0
0.0
0.0
0.0
0.0
0.0
0.0
0.0
0.0
0.0
0.0
0.0
0.0
0.0
0.0
0.0
0.0
0.0
0.0
0.0
0.0
0.0
0.0
0.0
0.0
0.0
0.0
0.0
0.0
0.0
0.0
0.0
0.0
0.0
0.0
0.0
0.0
0.0
0.0
0.0
0.0
0.0
0.0
0.0
0.0
0.0
0.0
0.0
0.0
0.0
0.0
0.0
0.0
0.0
0.0
0.0
0.0
0.0
0.0
0.0
0.0
0.0
0.0
0.0
0.0
0.0
0.0
0.0
0.0
0.0
0.0
0.0
0.0
0.0
0.0
0.0
0.0
0.0
0.0
0.0
0.0
0.0
0.0
0.0
0.0
0.0
0.0
0.0
0.0
0.0
0.0
0.0
0.0
0.0
0.0
0.0
0.0
0.0
0.0
0.0
0.0
0.0
0.0
0.0
0.0
0.0
0.0
0.0
0.0
0.0
0.0
0.0
0.0
0.0
0.0
0.0
0.0
0.0
0.0
0.0
0.0
0.0
0.0
0.0
0.0
0.0
0.0
0.0
0.0
0.0
0.0
0.0
0.0
0.0
0.0
0.0
0.0
0.0
0.0
0.0
0.0
0.0
0.0
0.0
0.0
0.0
0.0
0.0
0.0
0.0
0.0
0.0
0.0
0.0
0.0
0.0
0.0
0.0
0.0
0.0
0.0
0.0
0.0
0.0
0.0
0.0
0.0
0.0
0.0
0.0
0.0
0.0
0.0
0.0
0.0
0.0
0.0
0.0
0.0
0.0
0.0
0.0
0.0
0.0
0.0
0.0
0.0
0.0
0.0
0.0
0.0
0.0
0.0
0.0
0.0
0.0
0.0
0.0
0.0
0.0
0.0
0.0
0.0
0.0
0.0
0.0
0.0
0.0
0.0
0.0
0.0
0.0
0.0
0.0
0.0
0.0
0.0
0.0
0.0
0.0
0.0
0.0
0.0
0.0
0.0
0.0
0.0
0.0
0.0
0.0
0.0
0.0
0.0
0.0
0.0
0.0
0.0
0.0
0.0
0.0
0.0
0.0
0.0
0.0
0.0
0.0
0.0
0.0
0.0
0.0
0.0
0.0
0.0
0.0
0.0
0.0
0.0
0.0
0.0
0.0
0.0
0.0
0.0
0.0
0.0
0.0
0.0
0.0
0.0
0.0
0.0
0.0
0.0
0.0
0.0
0.0
0.0
0.0
0.0
0.0
0.0
0.0
0.0
0.0
0.0
0.0
0.0
0.0
0.0
0.0
0.0
0.0
0.0
0.0
0.0
0.0
0.0
0.0
0.0
0.0
0.0
0.0
0.0
0.0
0.0
0.0
0.0
0.0
0.0
0.0
0.0
0.0
0.0
0.0
0.0
0.0
0.0
0.0
0.0
0.0
0.0
0.0
0.0
0.0
0.0
0.0
0.0
0.0
0.0
0.0
0.0
0.0
0.0
0.0
0.0
0.0
0.0
0.0
0.0
0.0
0.0
0.0
0.0
0.0
0.0
0.0
0.0
0.0
0.0
0.0
0.0
0.0
0.0
0.0
0.0
0.0
0.0
0.0
0.0
0.0
0.0
0.0
0.0
0.0
0.0
0.0
0.0
0.0
0.0
0.0
0.0
0.0
0.0
0.0
0.0
0.0
0.0
0.0
0.0
0.0
0.0
0.0
0.0
0.0
0.0
0.0
0.0
0.0
0.0
0.0
0.0
0.0
0.0
0.0
0.0
0.0
0.0
0.0
0.0
0.0
0.0
0.0
0.0
0.0
0.0
0.0
0.0
0.0
0.0
0.0
0.0
0.0
0.0
0.0
0.0
0.0
0.0
0.0
0.0
0.0
0.0
0.0
0.0
0.0
0.0
0.0
0.0
0.0
0.0
0.0
0.0
0.0
0.0
0.0
0.0
0.0
0.0
0.0
0.0
0.0
0.0
0.0
0.0
0.0
0.0
0.0
0.0
0.0
0.0
0.0
0.0
0.0
0.0
0.0
0.0
0.0
0.0
0.0
0.0
0.0
0.0
0.0
0.0
0.0
0.0
0.0
0.0
0.0
0.0
0.0
0.0
0.0
0.0
0.0
0.0
0.0
0.0
0.0
0.0
0.0
0.0
0.0
0.0
0.0
0.0
0.0
0.0
0.0
0.0
0.0
0.0
0.0
0.0
0.0
0.0
0.0
0.0
0.0
0.0
0.0
0.0
0.0
0.0
0.0
0.0
0.0
0.0
0.0
0.0
0.0
0.0
0.0
0.0
0.0
0.0
0.0
0.0
0.0
0.0
0.0
0.0
0.0
0.0
0.0
0.0
0.0
0.0
0.0
0.0
0.0
0.0
0.0
0.0
0.0
0.0
0.0
0.0
0.0
0.0
0.0
0.0
0.0
0.0
0.0
0.0
0.0
0.0
0.0
0.0
0.0
0.0
0.0
0.0
0.0
0.0
0.0
0.0
0.0
0.0
0.0
0.0
0.0
0.0
0.0
0.0
0.0
0.0
0.0
0.0
0.0
0.0
0.0
0.0
0.0
0.0
0.0
0.0
0.0
0.0
0.0
0.0
0.0
0.0
0.0
0.0
0.0
0.0
0.0
0.0
0.0
0.0
0.0
0.0
0.0
0.0
0.0
0.0
0.0
0.0
0.0
0.0
0.0
0.0
0.0
0.0
0.0
0.0
0.0
0.0
0.0
0.0
0.0
0.0
0.0
0.0
0.0
0.0
0.0
0.0
0.0
0.0
0.0
0.0
0.0
0.0
0.0
0.0
0.0
0.0
0.0
0.0
0.0
0.0
0.0
0.0
0.0
0.0
0.0
0.0
0.0
0.0
0.0
0.0
0.0
0.0
0.0
0.0
0.0
0.0
0.0
0.0
0.0
0.0
0.0
0.0
0.0
0.0
0.0
0.0
0.0
0.0
0.0
0.0
0.0
0.0
0.0
0.0
0.0
0.0
0.0
0.0
0.0
0.0
0.0
0.0
0.0
0.0
0.0
0.0
0.0
0.0
0.0
0.0
0.0
0.0
0.0
0.0
0.0
0.0
0.0
0.0
0.0
0.0
0.0
0.0
0.0
0.0
0.0
0.0
0.0
0.0
0.0
0.0
0.0
0.0
0.0
0.0
0.0
0.0
0.0
0.0
0.0
0.0
0.0
0.0
0.0
0.0
0.0
0.0
0.0
0.0
0.0
0.0
0.0
0.0
0.0
0.0
0.0
0.0
0.0
0.0
0.0
0.0
0.0
0.0
0.0
0.0
0.0
0.0
0.0
0.0
0.0
0.0
0.0
0.0
0.0
0.0
0.0
0.0
0.0
0.0
0.0
0.0
0.0
0.0
0.0
0.0
0.0
0.0
0.0
0.0
0.0
0.0
0.0
0.0
0.0
0.0
0.0
0.0
0.0
0.0
0.0
0.0
0.0
0.0
0.0
0.0
0.0
0.0
0.0
0.0
0.0
0.0
0.0
0.0
0.0
0.0
0.0
0.0
0.0
0.0
0.0
0.0
0.0
0.0
0.0
0.0
0.0
0.0
0.0
0.0
0.0
0.0
0.0
0.0
0.0
0.0
0.0
0.0
0.0
0.0
0.0
0.0
0.0
0.0
0.0
0.0
0.0
0.0
0.0
0.0
0.0
0.0
0.0
0.0
0.0
0.0
0.0
0.0
0.0
0.0
0.0
0.0
0.0
0.0
0.0
0.0
0.0
0.0
0.0
0.0
0.0
0.0
0.0
0.0
0.0
0.0
0.0
0.0
0.0
0.0
0.0
0.0
0.0
0.0
0.0
0.0
0.0
0.0
0.0
0.0
0.0
0.0
0.0
0.0
0.0
0.0
0.0
0.0
0.0
0.0
0.0
0.0
0.0
0.0
0.0
0.0
0.0
0.0
0.0
0.0
0.0
0.0
0.0
0.0
0.0
0.0
0.0
0.0
0.0
0.0
0.0
0.0
0.0
0.0
0.0
0.0
0.0
0.0
0.0
0.0
0.0
0.0
0.0
0.0
0.0
0.0
0.0
0.0
0.0
0.0
0.0
0.0
0.0
0.0
0.0
0.0
0.0
0.0
0.0
0.0
0.0
0.0
0.0
0.0
0.0
0.0
0.0
0.0
0.0
0.0
0.0
0.0
0.0
0.0
0.0
0.0
0.0
0.0
0.0
0.0
0.0
0.0
0.0
0.0
0.0
0.0
0.0
0.0
0.0
0.0
0.0
0.0
0.0
0.0
0.0
0.0
0.0
0.0
0.0
0.0
0.0
0.0
0.0
0.0
0.0
0.0
0.0
0.0
0.0
0.0
0.0
0.0
0.0
0.0
0.0
0.0
0.0
0.0
0.0
0.0
0.0
0.0
0.0
0.0
0.0
0.0
0.0
0.0
0.0
0.0
0.0
0.0
0.0
0.0
0.0
0.0
0.0
0.0
0.0
0.0
0.0
0.0
0.0
0.0
0.0
0.0
0.0
0.0
0.0
0.0
0.0
0.0
0.0
0.0
0.0
0.0
0.0
0.0
0.0
0.0
0.0
0.0
0.0
0.0
0.0
0.0
0.0
0.0
0.0
0.0
0.0
0.0
0.0
0.0
0.0
0.0
0.0
0.0
0.0
0.0
0.0
0.0
0.0
0.0
0.0
0.0
0.0
0.0
0.0
0.0
0.0
0.0
0.0
0.0
0.0
0.0
0.0
0.0
0.0
0.0
0.0
0.0
0.0
0.0
0.0
0.0
0.0
0.0
0.0
0.0
0.0
0.0
0.0
0.0
0.0
0.0
0.0
0.0
0.0
0.0
0.0
0.0
0.0
0.0
0.0
0.0
0.0
0.0
0.0
0.0
0.0
0.0
0.0
0.0
0.0
0.0
0.0
0.0
0.0
0.0
0.0
0.0
0.0
0.0
0.0
0.0
0.0
0.0
0.0
0.0
0.0
0.0
0.0
0.0
0.0
0.0
0.0
0.0
0.0
0.0
0.0
0.0
0.0
0.0
0.0
0.0
0.0
0.0
0.0
0.0
0.0
0.0
0.0
0.0
0.0
0.0
0.0
0.0
0.0
0.0
0.0
0.0
0.0
0.0
0.0
0.0
0.0
0.0
0.0
0.0
0.0
0.0
0.0
0.0
0.0
0.0
0.0
0.0
0.0
0.0
0.0
0.0
0.0
0.0
0.0
0.0
0.0
0.0
0.0
0.0
0.0
0.0
0.0
0.0
0.0
0.0
0.0
0.0
0.0
0.0
0.0
0.0
0.0
0.0
0.0
0.0
0.0
0.0
0.0
0.0
0.0
0.0
0.0
0.0
0.0
0.0
0.0
0.0
0.0
0.0
0.0
0.0
0.0
0.0
0.0
0.0
0.0
0.0
0.0
0.0
0.0
0.0
0.0
0.0
0.0
0.0
0.0
0.0
0.0
0.0
0.0
0.0
0.0
0.0
0.0
0.0
0.0
0.0
0.0
0.0
0.0
0.0
0.0
0.0
0.0
0.0
0.0
0.0
0.0
0.0
0.0
0.0
0.0
0.0
0.0
0.0
0.0
0.0
0.0
0.0
0.0
0.0
0.0
0.0
0.0
0.0
0.0
0.0
0.0
0.0
0.0
0.0
0.0
0.0
0.0
0.0
0.0
0.0
0.0
0.0
0.0
0.0
0.0
0.0
0.0
0.0
0.0
0.0
0.0
0.0
0.0
0.0
0.0
0.0
0.0
0.0
0.0
0.0
0.0
0.0
0.0
0.0
0.0
0.0
0.0
0.0
0.0
0.0
0.0
0.0
0.0
0.0
0.0
0.0
0.0
0.0
0.0
0.0
0.0
0.0
0.0
0.0
0.0
0.0
0.0
0.0
0.0
0.0
0.0
0.0
0.0
0.0
0.0
0.0
0.0
0.0
0.0
0.0
0.0
0.0
0.0
0.0
0.0
0.0
0.0
0.0
0.0
0.0
0.0
0.0
0.0
0.0
0.0
0.0
0.0
0.0
0.0
0.0
0.0
0.0
0.0
0.0
0.0
0.0
0.0
0.0
0.0
0.0
0.0
0.0
0.0
0.0
0.0
0.0
0.0
0.0
0.0
0.0
0.0
0.0
0.0
0.0
0.0
0.0
0.0
0.0
0.0
0.0
0.0
0.0
0.0
0.0
0.0
0.0
0.0
0.0
0.0
0.0
0.0
0.0
0.0
0.0
0.0
0.0
0.0
0.0
0.0
0.0
0.0
0.0
0.0
0.0
0.0
0.0
0.0
0.0
0.0
0.0
0.0
0.0
0.0
0.0
0.0
0.0
0.0
0.0
0.0
0.0
0.0
0.0
0.0
0.0
1.74820423126e-06
