3.99518013e-06
5.64503669739e-06
7.33387470245e-06
7.64489173889e-06
9.49704647064e-06
1.06649398804e-05
1.56322717667e-05
1.76801681519e-05
1.86583995819e-05
2.02322006226e-05
2.14424133301e-05
2.26753950119e-05
2.4144411087e-05
2.51082181931e-05
2.60249376297e-05
2.74307727814e-05
2.87219285965e-05
2.96943187714e-05
3.08367013931e-05
3.22672128677e-05
3.31594944e-05
3.40497493744e-05
3.56342792511e-05
3.65687608719e-05
3.73755693436e-05
3.90416383743e-05
3.94974946976e-05
4.03071641922e-05
4.24906015396e-05
4.42875623703e-05
4.55983877182e-05
4.58862781525e-05
4.74858283997e-05
4.81698513031e-05
5.06951808929e-05
5.08804321289e-05
5.17169237137e-05
5.26300668716e-05
5.40339946747e-05
5.52403926849e-05
5.60953617096e-05
5.69716691971e-05
5.76699972153e-05
5.84933757782e-05
5.94365596771e-05
6.3756108284e-05
6.25196695328e-05
6.34764432907e-05
6.51739835739e-05
6.59772157669e-05
6.71150684357e-05
6.82574510574e-05
6.95633888245e-05
7.23395347595e-05
7.09807872772e-05
7.21769332886e-05
7.31328725815e-05
7.54765272141e-05
7.72656202316e-05
7.78905153275e-05
7.88841247559e-05
8.052110672e-05
8.15198421478e-05
8.25800895691e-05
8.46617221832e-05
8.37795734406e-05
8.46784114838e-05
8.82585048676e-05
8.81775617599e-05
8.89602899551e-05
8.97928476334e-05
9.13904905319e-05
9.25929546356e-05
9.37988758087e-05
9.58994626999e-05
9.65477228165e-05
9.73290205002e-05
9.7199678421e-05
9.90146398544e-05
9.93095636368e-05
0.000100428462029
0.000102026104927
0.000105488300323
0.000104391932487
0.000106514215469
0.000105887651443
0.000107172966003
0.00010849750042
0.000109800577164
0.00015649831295
0.00011457824707
0.000114213824272
0.000114996910095
0.000116392016411
0.00011817574501
0.000119415283203
0.00011971116066
0.000123042345047
0.000122904896736
0.000121692061424
0.000124135971069
0.000124687671661
0.000126058459282
0.000127391695976
0.000130019187927
0.000130107760429
0.000129744768143
0.000132695674896
0.000132912635803
0.000133496403694
0.000134830117226
0.000137913227081
0.000138224124908
0.000138887047768
0.000138793468475
0.000139305830002
0.000140614390373
0.000142268896103
0.000143927097321
0.000144579291344
0.000147144556046
0.000147678852081
0.000148839473724
0.000149960041046
0.000150540709496
0.000150856375694
0.000152023911476
0.000153440594673
0.000154657363892
0.000155913233757
0.000155569434166
0.000158546566963
0.000158663988113
0.000159971952438
0.000161055088043
0.000162702322006
0.000162606239319
0.000165428996086
0.000166971802711
0.000167296051979
0.000170571088791
0.000168768286705
0.000169733762741
0.000171988844872
0.000173035383224
0.000173735022545
0.000174343109131
0.000175304889679
0.000177315592766
0.000177928924561
0.00017949962616
0.000184125542641
0.000182702302933
0.000184457659721
0.000217383742332
0.000227383852005
0.000187495708466
0.000189837813377
0.000191381216049
0.000192416548729
0.000193476557732
0.00019264113903
0.000194072604179
0.0001966817379
0.000197420597076
0.000198686599731
0.000198561668396
0.000201160550117
0.000199360728264
0.000200296163559
0.0002044069767
0.000203941464424
0.000206125855446
0.000207303285599
0.000210262656212
0.000209760427475
0.000208640217781
0.000209997534752
0.000210886597633
0.00021271443367
0.000212250947952
0.000214341759682
0.000215718626976
0.00021720468998
0.000216743588448
0.000218606591225
0.000220210552216
0.000222676038742
0.000220866203308
0.000225117921829
0.000225516796112
0.000227302074432
0.000229526162148
0.000231136202812
0.000232607722282
0.000234541535378
0.000232558727264
0.000233422875404
0.000234479427338
0.000236776828766
0.000235644698143
0.00026873421669
0.000286055445671
0.000268978238106
0.000242364406586
0.000248031139374
0.000248549699783
0.000250013113022
0.00024395596981
0.000248741865158
0.000249775052071
0.000250257968903
0.000249392271042
0.000251168847084
0.000250905156136
0.000253490209579
0.000254337668419
0.000255787491798
0.000257770419121
0.000257243156433
0.000261020302773
0.000264000535011
0.000265179395676
0.000259307026863
0.000264007210732
0.000266313552856
0.000265542149544
0.000263744354248
0.000267911076546
0.000268939375877
0.000269001483917
0.000274188280106
0.000273460268974
0.00027422940731
0.000272662997246
0.000278704762459
0.00027915084362
0.000275515556335
0.000277422428131
0.000281488776207
0.000282170295715
0.000280261516571
0.000285192251205
0.000286036372185
0.000283710956573
0.000288072705269
0.000290856957436
0.000290530443192
0.000289688110352
0.000293444752693
0.000293694138527
0.00029171526432
0.000296731591225
0.000300577163696
0.000298226952553
0.000298994541168
0.0003110049963
0.000302565574646
0.000301142930984
0.000307320475578
0.000308742165565
0.000302863240242
0.000308727025986
0.000312498092651
0.000308392286301
0.000316932201385
0.000323235630989
0.000317910432816
0.0003158441782
0.000323310375214
0.000343472599983
0.00031983089447
0.00032876098156
0.000328844308853
0.000317100763321
0.000329982280731
0.000331509232521
0.000323464751244
0.000336748242378
0.000337438702583
0.000325562953949
0.000333431720734
0.000341279745102
0.000336745262146
0.000332825183868
0.000344925284386
0.00034161233902
0.000335632681847
0.000350441932678
0.000348594427109
0.00034311568737
0.000361865758896
0.000355877637863
0.000345918655396
0.000364261984825
0.000357535839081
0.000351562976837
0.000369711875916
0.000369082331657
0.000408741116524
0.000398976802826
0.000359411120415
0.000360512495041
0.000374591708183
0.000365707039833
0.000374530553818
0.000386427283287
0.00036429464817
0.000383269429207
0.000386296629906
0.00036663711071
0.000393078923225
0.000388013124466
0.000380108952522
0.000402500271797
0.000386067032814
0.000385245919228
0.00040313231945
0.000381963849068
0.000398691177368
0.000409349322319
0.000378363728523
0.000410081505775
0.000404045701027
0.000389016628265
0.000420673727989
0.000400972366333
0.000405153393745
0.000419141054153
0.000391436100006
0.000416451931
0.00041305565834
0.000395858645439
0.000427766919136
0.000408645868301
0.000417510867119
0.000437536358833
0.000405468821526
0.000430263638496
0.000434146165848
0.000408063650131
0.00044313955307
0.000424700140953
0.000432285189629
0.000453541278839
0.000413582801819
0.00044958794117
0.000451413750648
0.000431328773499
0.000468527317047
0.000440270781517
0.000451655864716
0.000474814534187
0.000421359300613
0.000469449520111
0.000453169345856
0.000445259809494
0.000479614853859
0.000431860089302
0.000484667897224
0.000473632454872
0.000452736258507
0.000490840315819
0.000446156740189
0.000492485523224
0.00047968685627
0.000464711546898
0.000505357027054
0.000461810469627
0.000546004652977
0.000510405540466
0.000466021895409
0.00051639187336
0.000459144115448
0.00050961792469
0.000495234489441
0.000478818178177
0.000529232263565
0.000461637854576
0.000524925708771
0.000502163648605
0.000484043359756
0.000534812927246
0.000469383358955
0.000538586974144
0.000515648722649
0.000504510998726
0.000559045314789
0.000476987719536
0.00056063747406
0.000509796261787
0.000527759790421
0.000558865308762
0.000500446796417
0.000568661928177
0.000504234790802
0.000561836004257
0.000544997811317
0.000548585772514
0.000579392671585
0.000507851719856
0.000592778325081
0.00052052795887
0.000586258769035
0.000552321434021
0.000565052986145
0.000618553042412
0.000542324185371
0.000605103135109
0.000515867590904
0.000619104862213
0.000564892888069
0.000602659702301
0.000566531777382
0.000583165287971
0.000613016605377
0.000571675777435
0.000634075641632
0.000531839966774
0.000645737528801
0.000553612947464
0.000648418426514
0.00057710647583
0.000613714456558
0.000722167253494
0.000564053416252
0.00066180729866
0.000560201764107
0.000673771739006
0.000570288896561
0.000672786951065
0.000583229184151
0.000668279409409
0.000606299519539
0.000662037372589
0.000622121572495
0.000653586506844
0.000644523620605
0.000639053821564
0.000665603637695
0.00061545586586
0.000697016835213
0.000616463184357
0.000697141170502
0.00060745537281
0.000720811724663
0.000612979769707
0.000731785058975
0.00060516834259
0.00074079477787
0.000618624448776
0.000749161720276
0.000619879961014
0.000756438493729
0.000661291837692
0.000752634882927
0.000629445791245
0.000772875785828
0.000656443595886
0.000758193254471
0.000647137999535
0.000780727028847
0.000680072307587
0.000749858617783
0.000681836843491
0.000753499746323
0.000709987878799
0.000821976184845
0.000757144212723
0.000710188746452
0.000757204413414
0.000704817891121
0.000773361802101
0.000697058796883
0.000806690335274
0.000685992479324
0.00082310461998
0.000696246862411
0.000828961491585
0.000697403550148
0.000810344338417
0.000740926742554
0.000777371525764
0.000773863077164
0.000757390260696
0.000822879433632
0.000729210853577
0.000872353196144
0.000731027603149
0.000866778612137
0.000741304278374
0.000842141747475
0.000791813015938
0.000812509298325
0.00084194278717
0.000760081529617
0.000895356297493
0.000730888128281
0.000900501489639
0.000768071293831
0.000852799534798
0.000823332071304
0.000813212394714
0.000902543306351
0.000776042819023
0.00115745890141
0.000890177369118
0.000789153456688
0.000954254508018
0.000805012106895
0.000899741292
0.00085722887516
0.000835417628288
0.000949287772179
0.000815800428391
0.000930537462234
0.000858998179436
0.000860656738281
0.000943709850311
0.000833189964294
0.000958484888077
0.000862385988235
0.000882768392563
0.000949417710304
0.000840369820595
0.000999013543129
0.000691926598549
0.000717576980591
0.000819317579269
0.000793204784393
0.000798884391785
0.00081482565403
0.000802132368088
0.000805377602577
0.000813235878944
0.000815337181091
0.0008243714571
0.000820934534073
0.000831898570061
0.000875330686569
0.000851608991623
0.000840992093086
0.000853415369987
0.000857217788696
0.000860461115837
0.000858627796173
0.000868844509125
0.000868787169456
0.000870532512665
0.000862812757492
0.000877055764198
0.000885805606842
0.000888517975807
0.000881694793701
0.000894252181053
0.000897822141647
0.000906361222267
0.000895277738571
0.000913084030151
0.000916702866554
0.000923156380653
0.000909410595894
0.000937512636185
0.00093364071846
0.000933431267738
0.000918824911118
0.000938854694366
0.000941633462906
0.000953556418419
0.000937234163284
0.000960742115974
0.000960022330284
0.00101104676723
0.000957881212234
0.000977289557457
0.00097929418087
0.000987020015717
0.000967609405518
0.000996366381645
0.000995963096619
0.00100486087799
0.000984924197197
0.00100976622105
0.00101282703876
0.00102208578587
0.000999586582184
0.00102748942375
0.00103172850609
0.00104044818878
0.00101312947273
0.00104462814331
0.00104582905769
0.00106174707413
0.00104329490662
0.00106549930573
0.00105769979954
0.00106711816788
0.00104438686371
0.00108315861225
0.00108584499359
0.0010918520689
0.0011033642292
0.00109994113445
0.00110032951832
0.00110887694359
0.00107696628571
0.00111426305771
0.00112090754509
0.00112578070164
0.00109130454063
0.00113539218903
0.00113721883297
0.00113975393772
0.00110839724541
0.00114594733715
0.00115066957474
0.0011612046957
0.0011227478981
0.00116269671917
0.00116473245621
0.00117135024071
0.00113694214821
0.00117701327801
0.00117474377155
0.00118287146091
0.00115038585663
0.00119223570824
0.00122202110291
0.00120126628876
0.00116534876823
0.0012157535553
0.00121605980396
0.00122230303288
0.00118135464191
0.00122724103928
0.00122498834133
0.00123617148399
0.00118716716766
0.00124329078197
0.00124759447575
0.00125478899479
0.0012073122263
0.00126029539108
0.00125544309616
0.001280631423
0.0012172242403
0.00127836835384
0.00127889120579
0.00129075920582
0.00123923242092
0.0012960050106
0.00131757545471
0.00130264854431
0.0012363986969
0.00130915427208
0.00130643761158
0.00132130169868
0.00126463449001
0.00132376194
0.00131898331642
0.00132907688618
0.00126899027824
0.00133535838127
0.00133250355721
0.00134885382652
0.00128967738152
0.00135214650631
0.00135337531567
0.0013625382185
0.00129971945286
0.0013664098978
0.00136507976055
0.0013918261528
0.00134128081799
0.00138328897953
0.00137533330917
0.0013874245882
0.00132118165493
0.00139890742302
0.00139212489128
0.00140876471996
0.00133806371689
0.00140356731415
0.00139243221283
0.00141457927227
0.0013415017128
0.0014202849865
0.00141746199131
0.0014387537241
0.0013809043169
0.001452870965
0.00143409323692
0.0014531185627
0.00138021695614
0.00145683240891
0.00148115205765
0.00147473824024
0.00138478899002
0.0014779484272
0.00146566510201
0.00149654960632
0.00149301946163
0.00157845985889
0.00157032132149
0.00160038840771
0.00151721954346
0.00158707404137
0.00156674218178
0.00159584343433
0.00154469823837
0.0016112215519
0.00159453690052
0.00161614751816
0.00152772796154
0.00168226408958
0.00160109305382
0.00162670207024
0.00153045928478
0.00164424705505
0.00162720716
0.00165610051155
0.001588966012
0.00167992913723
0.00165436422825
0.00171020805836
0.0016040430069
0.00171720683575
0.00175080549717
0.00172006177902
0.00161731445789
0.00171023893356
0.0017119641304
0.00179108524323
0.00155802881718
0.00166945576668
0.00165322268009
0.00166256225109
0.0015713313818
0.00168376338482
0.0016472017765
0.00168030655384
0.00155621814728
0.00168786847591
0.00169083559513
0.00171930658817
0.00162439095974
0.00174231004715
0.00173485505581
0.00176884686947
0.00167556202412
0.00186127197742
0.00173125863075
0.00176222443581
0.00168264687061
0.00176206028461
0.0017461220026
0.00178403389454
0.00171421420574
0.00184827101231
0.0018107187748
0.00181349790096
0.00167969703674
0.00186542236805
0.00183339989185
0.0018420882225
0.00171537971497
0.0019540771246
0.00186627268791
0.00190448796749
0.00173729646206
0.00186091601849
0.00187787532806
0.00188277232647
0.00172827923298
0.00190976500511
0.00185769474506
0.00188784706593
0.00180351257324
0.00189753842354
0.00193722057343
0.00195316123962
0.00180570948124
0.00200184249878
0.00194212889671
0.00193670868874
0.00184718167782
0.00194307351112
0.00196202516556
0.00198288953304
0.00180647027493
0.00202455580235
0.00193368566036
0.00201258099079
0.00189485669136
0.00199716067314
0.0020013705492
0.0019791238308
0.00189646840096
0.00207189691067
0.00200786328316
0.00204888319969
0.00187581217289
0.00205940532684
0.00199964952469
0.00208506131172
0.001886079669
0.00207735300064
0.00202720451355
0.0021144182682
0.00200916945934
0.00208291327953
0.00209206342697
0.00212445008755
0.00203520894051
0.00208870112896
0.00214005744457
0.00211579596996
0.00199893736839
0.00209485459328
0.00210581958294
0.00210868144035
0.00200479066372
0.0021348952055
0.00223900353909
0.00216172409058
0.00203421401978
0.00219495034218
0.00227655923367
0.00219687640667
0.00205000269413
0.00216004192829
0.00220317947865
0.00219500744343
0.00209473323822
0.00226270973682
0.00221678948402
0.00223923182487
0.00211368668079
0.00222284519672
0.0022567230463
0.00233189594746
0.00212506008148
0.00229786229134
0.00226950871944
0.00225423753262
0.00216407334805
0.00224448621273
0.00227697634697
0.00228096246719
0.00217229235172
0.00226989996433
0.0021424908638
0.0021628061533
0.00196510863304
0.00219513559341
0.00213827645779
0.00216348612309
0.00201882791519
0.00216973900795
0.00213386762142
0.00217111647129
0.00202033638954
0.00218945837021
0.00216583323479
0.00221229422092
0.00207765376568
0.0021779062748
0.0021766358614
0.00226692116261
0.00204028916359
0.00219237649441
0.00218929350376
0.00224580454826
0.00210721158981
0.00218573606014
0.00213695299625
0.0021922390461
0.00205114519596
0.00219798409939
0.00216603183746
0.00222789549828
0.00206039917469
0.00223626446724
0.00218430960178
0.00224631953239
0.00203930234909
0.0022205363512
0.0022783844471
0.00226182365417
0.00206684064865
0.00225078868866
0.00224703133106
0.00229083430767
0.00212834191322
0.00228710722923
0.00234839916229
0.00229152798653
0.00210300981998
0.00231266605854
0.00226088666916
0.00229193007946
0.00212381279469
0.00233289134502
0.00228773152828
0.00231502056122
0.00216528964043
0.00242889583111
0.00229140710831
0.00242136311531
0.00220728111267
0.00236254990101
0.00232143831253
0.00236166405678
0.00221018218994
0.00237089395523
0.00234425878525
0.00240730381012
0.00224506258965
0.00239549529552
0.00238425135612
0.00244267845154
0.00232765197754
0.00241501772404
0.00239515519142
0.00245925498009
0.00222966980934
0.00243987202644
0.00244453561306
0.00247214615345
0.00225764799118
0.00246651446819
0.00253090691566
0.00248639512062
0.00229913520813
0.0025421205759
0.00251000368595
0.00241703283787
0.00215646779537
0.00239042305946
0.00235212481022
0.00239564442635
0.00219310665131
0.00240018796921
0.00239221525192
0.00243072390556
0.00223358130455
0.00245937299728
0.00238388895988
0.0
0.0
0.0
0.0
0.0
0.0
0.0
0.0
0.0
0.0
0.0
0.0
0.0
0.0
0.0
0.0
0.0
0.0
0.0
0.0
0.0
0.0
0.0
0.0
0.0
0.0
0.0
0.0
0.0
0.0
0.0
0.0
0.0
0.0
0.0
0.0
0.0
0.0
0.0
0.0
0.0
0.0
0.0
0.0
0.0
0.0
0.0
0.0
0.0
0.0
0.0
0.0
0.0
0.0
0.0
0.0
0.0
0.0
0.0
0.0
0.0
0.0
0.0
0.0
0.0
0.0
0.0
0.0
0.0
0.0
0.0
0.0
0.0
0.0
0.0
0.0
0.0
0.0
0.0
0.0
0.0
0.0
0.0
0.0
0.0
0.0
0.0
0.0
0.0
0.0
0.0
0.0
0.0
0.0
0.0
0.0
0.0
0.0
0.0
0.0
0.0
0.0
0.0
0.0
0.0
0.0
0.0
0.0
0.0
0.0
0.0
0.0
0.0
0.0
0.0
0.0
0.0
0.0
0.0
0.0
0.0
0.0
0.0
0.0
0.0
0.0
0.0
0.0
0.0
0.0
0.0
0.0
0.0
0.0
0.0
0.0
0.0
0.0
0.0
0.0
0.0
0.0
0.0
0.0
0.0
0.0
0.0
0.0
0.0
0.0
0.0
0.0
0.0
0.0
0.0
0.0
0.0
0.0
0.0
0.0
0.0
0.0
0.0
0.0
0.0
0.0
0.0
0.0
0.0
0.0
0.0
0.0
0.0
0.0
0.0
0.0
0.0
0.0
0.0
0.0
0.0
0.0
0.0
0.0
0.0
0.0
0.0
0.0
0.0
0.0
0.0
0.0
0.0
0.0
0.0
0.0
0.0
0.0
0.0
0.0
0.0
0.0
0.0
0.0
0.0
0.0
0.0
0.0
0.0
0.0
0.0
0.0
0.0
0.0
0.0
0.0
0.0
0.0
0.0
0.0
0.0
0.0
0.0
0.0
0.0
0.0
0.0
0.0
0.0
0.0
0.0
0.0
0.0
0.0
0.0
0.0
0.0
0.0
0.0
0.0
0.0
0.0
0.0
0.0
0.0
0.0
0.0
0.0
0.0
0.0
0.0
0.0
0.0
0.0
0.0
0.0
0.0
0.0
0.0
0.0
0.0
0.0
0.0
0.0
0.0
0.0
0.0
0.0
0.0
0.0
0.0
0.0
0.0
0.0
0.0
0.0
0.0
0.0
0.0
0.0
0.0
0.0
0.0
0.0
0.0
0.0
0.0
0.0
0.0
0.0
0.0
0.0
0.0
0.0
0.0
0.0
0.0
0.0
0.0
0.0
0.0
0.0
0.0
0.0
0.0
0.0
0.0
0.0
0.0
0.0
0.0
0.0
0.0
0.0
0.0
0.0
0.0
0.0
0.0
0.0
0.0
0.0
0.0
0.0
0.0
0.0
0.0
0.0
0.0
0.0
0.0
0.0
0.0
0.0
0.0
0.0
0.0
0.0
0.0
0.0
0.0
0.0
0.0
0.0
0.0
0.0
0.0
0.0
0.0
0.0
0.0
0.0
0.0
0.0
0.0
0.0
0.0
0.0
0.0
0.0
0.0
0.0
0.0
0.0
0.0
0.0
0.0
0.0
0.0
0.0
0.0
0.0
0.0
0.0
0.0
0.0
0.0
0.0
0.0
0.0
0.0
0.0
0.0
0.0
0.0
0.0
0.0
0.0
0.0
0.0
0.0
0.0
0.0
0.0
0.0
0.0
0.0
0.0
0.0
0.0
0.0
0.0
0.0
0.0
0.0
0.0
0.0
0.0
0.0
0.0
0.0
0.0
0.0
0.0
0.0
0.0
0.0
0.0
0.0
0.0
0.0
0.0
0.0
0.0
0.0
0.0
0.0
0.0
0.0
0.0
0.0
0.0
0.0
0.0
0.0
0.0
0.0
0.0
0.0
0.0
0.0
0.0
0.0
0.0
0.0
0.0
0.0
0.0
0.0
0.0
0.0
0.0
0.0
0.0
0.0
0.0
0.0
0.0
0.0
0.0
0.0
0.0
0.0
0.0
0.0
0.0
0.0
0.0
0.0
0.0
0.0
0.0
0.0
0.0
0.0
0.0
0.0
0.0
0.0
0.0
0.0
0.0
0.0
0.0
0.0
0.0
0.0
0.0
0.0
0.0
0.0
0.0
0.0
0.0
0.0
0.0
0.0
0.0
0.0
0.0
0.0
0.0
0.0
0.0
0.0
0.0
0.0
0.0
0.0
0.0
0.0
0.0
0.0
0.0
0.0
0.0
0.0
0.0
0.0
0.0
0.0
0.0
0.0
0.0
0.0
0.0
0.0
0.0
0.0
0.0
0.0
0.0
0.0
0.0
0.0
0.0
0.0
0.0
0.0
0.0
0.0
0.0
0.0
0.0
0.0
0.0
0.0
0.0
0.0
0.0
0.0
0.0
0.0
0.0
0.0
0.0
0.0
0.0
0.0
0.0
0.0
0.0
0.0
0.0
0.0
0.0
0.0
0.0
0.0
0.0
0.0
0.0
0.0
0.0
0.0
0.0
0.0
0.0
0.0
0.0
0.0
0.0
0.0
0.0
0.0
0.0
0.0
0.0
0.0
0.0
0.0
0.0
0.0
0.0
0.0
0.0
0.0
0.0
0.0
0.0
0.0
0.0
0.0
0.0
0.0
0.0
0.0
0.0
0.0
0.0
0.0
0.0
0.0
0.0
0.0
0.0
0.0
0.0
0.0
0.0
0.0
0.0
0.0
0.0
0.0
0.0
0.0
0.0
0.0
0.0
0.0
0.0
0.0
0.0
0.0
0.0
0.0
0.0
0.0
0.0
0.0
0.0
0.0
0.0
0.0
0.0
0.0
0.0
0.0
0.0
0.0
0.0
0.0
0.0
0.0
0.0
0.0
0.0
0.0
0.0
0.0
0.0
0.0
0.0
0.0
0.0
0.0
0.0
0.0
0.0
0.0
0.0
0.0
0.0
0.0
0.0
0.0
0.0
0.0
0.0
0.0
0.0
0.0
0.0
0.0
0.0
0.0
0.0
0.0
0.0
0.0
0.0
0.0
0.0
0.0
0.0
0.0
0.0
0.0
0.0
0.0
0.0
0.0
0.0
0.0
0.0
0.0
0.0
0.0
0.0
0.0
0.0
0.0
0.0
0.0
0.0
0.0
0.0
0.0
0.0
0.0
0.0
0.0
0.0
0.0
0.0
0.0
0.0
0.0
0.0
0.0
0.0
0.0
0.0
0.0
0.0
0.0
0.0
0.0
0.0
0.0
0.0
0.0
0.0
0.0
0.0
0.0
0.0
0.0
0.0
0.0
0.0
0.0
0.0
0.0
0.0
0.0
0.0
0.0
0.0
0.0
0.0
0.0
0.0
0.0
0.0
0.0
0.0
0.0
0.0
0.0
0.0
0.0
0.0
0.0
0.0
0.0
0.0
0.0
0.0
0.0
0.0
0.0
0.0
0.0
0.0
0.0
0.0
0.0
0.0
0.0
0.0
0.0
0.0
0.0
0.0
0.0
0.0
0.0
0.0
0.0
0.0
0.0
0.0
0.0
0.0
0.0
0.0
0.0
0.0
0.0
0.0
0.0
0.0
0.0
0.0
0.0
0.0
0.0
0.0
0.0
0.0
0.0
0.0
0.0
0.0
0.0
0.0
0.0
0.0
0.0
0.0
0.0
0.0
0.0
0.0
0.0
0.0
0.0
0.0
0.0
0.0
0.0
0.0
0.0
0.0
0.0
0.0
0.0
0.0
0.0
0.0
0.0
0.0
0.0
0.0
0.0
0.0
0.0
0.0
0.0
0.0
0.0
0.0
0.0
0.0
0.0
0.0
0.0
0.0
0.0
0.0
0.0
0.0
0.0
0.0
0.0
0.0
0.0
0.0
0.0
0.0
0.0
0.0
0.0
0.0
0.0
0.0
0.0
0.0
0.0
0.0
0.0
0.0
0.0
0.0
0.0
0.0
0.0
0.0
0.0
0.0
0.0
0.0
0.0
0.0
0.0
0.0
0.0
0.0
0.0
0.0
0.0
0.0
0.0
0.0
0.0
0.0
0.0
0.0
0.0
0.0
0.0
0.0
0.0
0.0
0.0
0.0
0.0
0.0
0.0
0.0
0.0
0.0
0.0
0.0
0.0
0.0
0.0
0.0
0.0
0.0
0.0
0.0
0.0
0.0
0.0
0.0
0.0
0.0
0.0
0.0
0.0
0.0
0.0
0.0
0.0
0.0
0.0
0.0
0.0
0.0
0.0
0.0
0.0
0.0
0.0
0.0
0.0
0.0
0.0
0.0
0.0
0.0
0.0
0.0
0.0
0.0
0.0
0.0
0.0
0.0
0.0
0.0
0.0
0.0
0.0
0.0
0.0
0.0
0.0
0.0
0.0
0.0
0.0
0.0
0.0
0.0
0.0
0.0
0.0
0.0
0.0
0.0
0.0
0.0
0.0
0.0
0.0
0.0
0.0
0.0
0.0
0.0
0.0
0.0
0.0
0.0
0.0
0.0
0.0
0.0
0.0
0.0
0.0
0.0
0.0
0.0
0.0
0.0
0.0
0.0
0.0
0.0
0.0
0.0
0.0
0.0
0.0
0.0
0.0
0.0
0.0
0.0
0.0
0.0
0.0
0.0
0.0
0.0
0.0
0.0
0.0
0.0
0.0
0.0
0.0
0.0
0.0
0.0
0.0
0.0
0.0
0.0
0.0
0.0
0.0
0.0
0.0
0.0
0.0
0.0
0.0
0.0
0.0
0.0
0.0
0.0
0.0
0.0
0.0
0.0
0.0
0.0
0.0
0.0
0.0
0.0
0.0
0.0
0.0
0.0
0.0
0.0
0.0
0.0
0.0
0.0
0.0
0.0
0.0
0.0
0.0
0.0
0.0
0.0
0.0
0.0
0.0
0.0
0.0
0.0
0.0
0.0
0.0
0.0
0.0
0.0
0.0
0.0
0.0
0.0
0.0
0.0
0.0
0.0
0.0
0.0
0.0
0.0
0.0
0.0
0.0
0.0
0.0
0.0
0.0
0.0
0.0
0.0
0.0
0.0
0.0
0.0
0.0
0.0
0.0
0.0
0.0
0.0
0.0
0.0
0.0
0.0
0.0
0.0
0.0
0.0
0.0
0.0
0.0
0.0
0.0
0.0
0.0
0.0
0.0
0.0
0.0
0.0
0.0
0.0
0.0
0.0
0.0
0.0
0.0
0.0
0.0
0.0
0.0
0.0
0.0
0.0
0.0
0.0
0.0
0.0
0.0
0.0
0.0
0.0
0.0
0.0
0.0
0.0
0.0
0.0
0.0
0.0
0.0
0.0
0.0
0.0
0.0
0.0
0.0
0.0
0.0
0.0
0.0
0.0
0.0
0.0
0.0
0.0
0.0
0.0
0.0
0.0
0.0
0.0
0.0
0.0
0.0
0.0
0.0
0.0
0.0
0.0
0.0
0.0
0.0
0.0
0.0
0.0
0.0
0.0
0.0
0.0
0.0
0.0
0.0
0.0
0.0
0.0
0.0
0.0
0.0
0.0
0.0
0.0
0.0
0.0
0.0
0.0
0.0
0.0
0.0
0.0
0.0
0.0
0.0
0.0
0.0
0.0
0.0
0.0
0.0
0.0
0.0
0.0
0.0
0.0
0.0
0.0
0.0
0.0
0.0
0.0
0.0
0.0
0.0
0.0
0.0
0.0
0.0
0.0
0.0
0.0
0.0
0.0
0.0
0.0
0.0
0.0
0.0
0.0
0.0
0.0
0.0
0.0
0.0
0.0
0.0
0.0
0.0
0.0
0.0
0.0
0.0
0.0
0.0
0.0
0.0
0.0
0.0
0.0
0.0
0.0
0.0
0.0
0.0
0.0
0.0
0.0
0.0
0.0
0.0
0.0
0.0
0.0
0.0
0.0
0.0
0.0
0.0
0.0
0.0
0.0
0.0
0.0
0.0
0.0
0.0
0.0
0.0
0.0
0.0
0.0
0.0
0.0
0.0
0.0
0.0
0.0
0.0
0.0
0.0
0.0
0.0
0.0
0.0
0.0
0.0
0.0
0.0
0.0
0.0
0.0
0.0
0.0
0.0
0.0
0.0
0.0
0.0
0.0
0.0
0.0
0.0
0.0
0.0
0.0
0.0
0.0
0.0
0.0
0.0
0.0
0.0
0.0
0.0
0.0
0.0
0.0
0.0
0.0
0.0
0.0
0.0
0.0
0.0
0.0
0.0
0.0
0.0
0.0
0.0
0.0
0.0
0.0
0.0
0.0
0.0
0.0
0.0
0.0
0.0
0.0
0.0
0.0
0.0
0.0
0.0
0.0
0.0
0.0
0.0
0.0
0.0
0.0
0.0
0.0
0.0
0.0
0.0
0.0
0.0
0.0
0.0
0.0
0.0
0.0
0.0
0.0
0.0
0.0
0.0
0.0
0.0
0.0
0.0
0.0
0.0
0.0
0.0
0.0
0.0
0.0
0.0
0.0
0.0
0.0
0.0
0.0
0.0
0.0
0.0
0.0
0.0
0.0
0.0
0.0
0.0
0.0
0.0
0.0
0.0
0.0
0.0
0.0
0.0
0.0
0.0
0.0
0.0
0.0
0.0
0.0
0.0
0.0
0.0
0.0
0.0
0.0
0.0
0.0
0.0
0.0
0.0
0.0
0.0
0.0
0.0
0.0
0.0
0.0
0.0
0.0
0.0
0.0
0.0
0.0
0.0
0.0
0.0
0.0
0.0
0.0
0.0
0.0
0.0
0.0
0.0
0.0
0.0
0.0
0.0
0.0
0.0
0.0
0.0
0.0
0.0
0.0
0.0
0.0
0.0
0.0
0.0
0.0
0.0
0.0
0.0
0.0
0.0
0.0
0.0
0.0
0.0
0.0
0.0
0.0
0.0
0.0
0.0
0.0
0.0
0.0
0.0
0.0
0.0
0.0
0.0
0.0
0.0
0.0
0.0
0.0
0.0
0.0
0.0
0.0
0.0
0.0
0.0
0.0
0.0
0.0
0.0
0.0
0.0
0.0
0.0
0.0
0.0
0.0
0.0
0.0
0.0
0.0
0.0
0.0
0.0
0.0
0.0
0.0
0.0
0.0
0.0
0.0
0.0
0.0
0.0
0.0
0.0
0.0
0.0
0.0
0.0
0.0
0.0
0.0
0.0
0.0
0.0
0.0
0.0
0.0
0.0
0.0
0.0
0.0
0.0
0.0
0.0
0.0
0.0
0.0
0.0
0.0
0.0
0.0
0.0
0.0
0.0
0.0
0.0
0.0
0.0
0.0
0.0
0.0
0.0
0.0
0.0
0.0
0.0
0.0
0.0
0.0
0.0
0.0
0.0
0.0
0.0
0.0
0.0
0.0
0.0
0.0
0.0
0.0
0.0
0.0
0.0
0.0
0.0
0.0
0.0
0.0
0.0
0.0
0.0
0.0
0.0
0.0
0.0
0.0
0.0
0.0
0.0
0.0
0.0
0.0
0.0
0.0
0.0
0.0
0.0
0.0
0.0
0.0
0.0
0.0
0.0
0.0
0.0
0.0
0.0
0.0
0.0
0.0
0.0
0.0
0.0
0.0
0.0
0.0
0.0
0.0
0.0
0.0
0.0
0.0
0.0
0.0
0.0
0.0
0.0
0.0
0.0
0.0
0.0
0.0
0.0
0.0
0.0
0.0
0.0
0.0
0.0
0.0
0.0
0.0
0.0
0.0
0.0
0.0
0.0
0.0
0.0
0.0
0.0
0.0
0.0
0.0
0.0
0.0
0.0
0.0
0.0
0.0
0.0
0.0
0.0
0.0
0.0
0.0
0.0
0.0
0.0
0.0
0.0
0.0
0.0
0.0
0.0
0.0
0.0
0.0
0.0
0.0
0.0
0.0
0.0
0.0
0.0
0.0
0.0
0.0
0.0
0.0
0.0
0.0
0.0
0.0
0.0
0.0
0.0
0.0
0.0
0.0
0.0
0.0
0.0
0.0
0.0
0.0
0.0
0.0
0.0
0.0
0.0
0.0
0.0
0.0
0.0
0.0
0.0
0.0
0.0
0.0
0.0
0.0
0.0
0.0
0.0
0.0
0.0
0.0
0.0
0.0
0.0
0.0
0.0
0.0
0.0
0.0
0.0
0.0
0.0
0.0
0.0
0.0
0.0
0.0
0.0
0.0
0.0
0.0
0.0
0.0
0.0
0.0
0.0
0.0
0.0
0.0
0.0
0.0
0.0
0.0
0.0
0.0
0.0
0.0
0.0
0.0
0.0
0.0
0.0
0.0
0.0
0.0
0.0
0.0
0.0
0.0
0.0
0.0
0.0
0.0
0.0
0.0
0.0
0.0
0.0
0.0
0.0
0.0
0.0
0.0
0.0
0.0
0.0
0.0
0.0
0.0
0.0
0.0
0.0
0.0
0.0
0.0
0.0
0.0
0.0
0.0
0.0
0.0
0.0
0.0
0.0
0.0
0.0
0.0
0.0
0.0
0.0
0.0
0.0
0.0
0.0
0.0
0.0
0.0
0.0
0.0
0.0
0.0
0.0
0.0
0.0
0.0
0.0
0.0
0.0
0.0
0.0
0.0
0.0
0.0
0.0
0.0
0.0
0.0
0.0
0.0
0.0
0.0
0.0
0.0
0.0
0.0
0.0
0.0
0.0
0.0
0.0
0.0
0.0
0.0
0.0
0.0
0.0
0.0
0.0
0.0
0.0
0.0
0.0
0.0
0.0
0.0
0.0
0.0
0.0
0.0
0.0
0.0
0.0
0.0
0.0
0.0
0.0
0.0
0.0
0.0
0.0
0.0
0.0
0.0
0.0
0.0
0.0
0.0
0.0
0.0
0.0
0.0
0.0
0.0
0.0
0.0
0.0
0.0
0.0
0.0
0.0
0.0
0.0
0.0
0.0
0.0
0.0
0.0
0.0
0.0
0.0
0.0
0.0
0.0
0.0
0.0
0.0
0.0
0.0
0.0
0.0
0.0
0.0
0.0
0.0
0.0
0.0
0.0
0.0
0.0
0.0
0.0
0.0
0.0
0.0
0.0
0.0
0.0
0.0
0.0
0.0
0.0
0.0
0.0
0.0
0.0
0.0
0.0
0.0
0.0
0.0
0.0
0.0
0.0
0.0
0.0
0.0
0.0
0.0
0.0
0.0
0.0
0.0
0.0
0.0
0.0
0.0
0.0
0.0
0.0
0.0
0.0
0.0
0.0
0.0
0.0
0.0
0.0
0.0
0.0
0.0
0.0
0.0
0.0
0.0
0.0
0.0
0.0
0.0
0.0
0.0
0.0
0.0
0.0
0.0
0.0
0.0
0.0
0.0
0.0
0.0
0.0
0.0
0.0
0.0
0.0
0.0
0.0
0.0
0.0
0.0
0.0
0.0
0.0
0.0
0.0
0.0
0.0
0.0
0.0
0.0
0.0
0.0
0.0
0.0
0.0
0.0
0.0
0.0
0.0
0.0
0.0
0.0
0.0
0.0
0.0
0.0
0.0
0.0
0.0
0.0
0.0
0.0
0.0
0.0
0.0
0.0
0.0
0.0
0.0
0.0
0.0
0.0
0.0
0.0
0.0
0.0
0.0
0.0
0.0
0.0
0.0
0.0
0.0
0.0
0.0
0.0
0.0
0.0
0.0
0.0
0.0
0.0
0.0
0.0
0.0
0.0
0.0
0.0
0.0
0.0
0.0
0.0
0.0
0.0
0.0
0.0
0.0
0.0
0.0
0.0
0.0
0.0
0.0
0.0
0.0
0.0
0.0
0.0
0.0
0.0
0.0
0.0
0.0
0.0
0.0
0.0
0.0
0.0
0.0
0.0
0.0
0.0
0.0
0.0
0.0
0.0
0.0
0.0
0.0
0.0
0.0
0.0
0.0
0.0
0.0
0.0
0.0
0.0
0.0
0.0
0.0
0.0
0.0
0.0
0.0
0.0
0.0
0.0
0.0
0.0
0.0
0.0
0.0
0.0
0.0
0.0
0.0
0.0
0.0
0.0
0.0
0.0
0.0
0.0
0.0
0.0
0.0
0.0
0.0
0.0
0.0
0.0
0.0
0.0
0.0
0.0
0.0
0.0
0.0
0.0
0.0
0.0
0.0
0.0
0.0
0.0
0.0
0.0
0.0
0.0
0.0
0.0
0.0
0.0
0.0
0.0
0.0
0.0
0.0
0.0
0.0
0.0
0.0
0.0
0.0
0.0
0.0
0.0
0.0
0.0
0.0
0.0
0.0
0.0
0.0
0.0
0.0
0.0
0.0
0.0
0.0
0.0
0.0
0.0
0.0
0.0
0.0
0.0
0.0
0.0
0.0
0.0
0.0
0.0
0.0
0.0
0.0
0.0
0.0
0.0
0.0
0.0
0.0
0.0
0.0
0.0
0.0
0.0
0.0
0.0
0.0
0.0
0.0
0.0
0.0
0.0
0.0
0.0
0.0
0.0
0.0
0.0
0.0
0.0
0.0
0.0
0.0
0.0
0.0
0.0
0.0
0.0
0.0
0.0
0.0
0.0
0.0
0.0
0.0
0.0
0.0
0.0
0.0
0.0
0.0
0.0
0.0
0.0
0.0
0.0
0.0
0.0
0.0
0.0
0.0
0.0
0.0
0.0
0.0
0.0
0.0
0.0
0.0
0.0
0.0
0.0
0.0
0.0
0.0
0.0
0.0
0.0
0.0
0.0
0.0
0.0
0.0
0.0
0.0
0.0
0.0
0.0
0.0
0.0
0.0
0.0
0.0
0.0
0.0
0.0
0.0
0.0
0.0
0.0
0.0
0.0
0.0
0.0
0.0
0.0
0.0
0.0
0.0
0.0
0.0
0.0
0.0
0.0
0.0
0.0
0.0
0.0
0.0
0.0
0.0
0.0
0.0
0.0
0.0
0.0
0.0
0.0
0.0
0.0
0.0
0.0
0.0
0.0
0.0
0.0
0.0
0.0
0.0
0.0
0.0
0.0
0.0
0.0
0.0
0.0
0.0
0.0
0.0
0.0
0.0
0.0
0.0
0.0
0.0
0.0
0.0
0.0
0.0
0.0
0.0
0.0
0.0
0.0
0.0
0.0
0.0
0.0
0.0
0.0
0.0
0.0
0.0
0.0
0.0
0.0
0.0
0.0
0.0
0.0
0.0
0.0
0.0
0.0
0.0
0.0
0.0
0.0
0.0
0.0
0.0
0.0
0.0
0.0
0.0
0.0
0.0
0.0
0.0
0.0
0.0
0.0
0.0
0.0
0.0
0.0
0.0
0.0
0.0
0.0
0.0
0.0
0.0
0.0
0.0
0.0
0.0
0.0
0.0
0.0
0.0
0.0
0.0
0.0
0.0
0.0
0.0
0.0
0.0
0.0
0.0
0.0
0.0
0.0
0.0
0.0
0.0
0.0
0.0
0.0
0.0
0.0
0.0
0.0
0.0
0.0
0.0
0.0
0.0
0.0
0.0
0.0
0.0
0.0
0.0
0.0
0.0
0.0
0.0
0.0
0.0
0.0
0.0
0.0
0.0
0.0
0.0
0.0
0.0
0.0
0.0
0.0
0.0
0.0
0.0
0.0
0.0
0.0
0.0
0.0
0.0
0.0
0.0
0.0
0.0
0.0
0.0
0.0
0.0
0.0
0.0
0.0
0.0
0.0
0.0
0.0
0.0
0.0
0.0
0.0
0.0
0.0
0.0
0.0
0.0
0.0
0.0
0.0
0.0
0.0
0.0
0.0
0.0
0.0
0.0
0.0
0.0
0.0
0.0
0.0
0.0
0.0
0.0
0.0
0.0
0.0
0.0
0.0
0.0
0.0
0.0
0.0
0.0
0.0
0.0
0.0
0.0
0.0
0.0
0.0
0.0
0.0
0.0
0.0
0.0
0.0
0.0
0.0
0.0
0.0
0.0
0.0
0.0
0.0
0.0
0.0
0.0
0.0
0.0
0.0
0.0
0.0
0.0
0.0
0.0
0.0
0.0
0.0
0.0
0.0
0.0
0.0
0.0
0.0
0.0
0.0
0.0
0.0
0.0
0.0
0.0
0.0
0.0
0.0
0.0
0.0
0.0
0.0
0.0
0.0
0.0
0.0
0.0
0.0
0.0
0.0
0.0
0.0
0.0
0.0
0.0
0.0
0.0
0.0
0.0
0.0
0.0
0.0
0.0
0.0
0.0
0.0
0.0
0.0
0.0
0.0
0.0
0.0
0.0
0.0
0.0
0.0
0.0
0.0
0.0
0.0
0.0
0.0
0.0
0.0
0.0
0.0
0.0
0.0
0.0
0.0
0.0
0.0
0.0
0.0
0.0
0.0
0.0
0.0
0.0
0.0
0.0
0.0
0.0
0.0
0.0
0.0
0.0
0.0
0.0
0.0
0.0
0.0
0.0
0.0
0.0
0.0
0.0
0.0
0.0
0.0
0.0
0.0
0.0
0.0
0.0
0.0
0.0
0.0
0.0
0.0
0.0
0.0
0.0
0.0
0.0
0.0
0.0
0.0
0.0
0.0
0.0
0.0
0.0
0.0
0.0
0.0
0.0
0.0
0.0
0.0
0.0
0.0
0.0
0.0
0.0
0.0
0.0
0.0
0.0
0.0
0.0
0.0
0.0
0.0
0.0
0.0
0.0
0.0
0.0
0.0
0.0
0.0
0.0
0.0
0.0
0.0
0.0
0.0
0.0
0.0
0.0
0.0
0.0
0.0
0.0
0.0
0.0
0.0
0.0
0.0
0.0
0.0
0.0
0.0
0.0
0.0
0.0
0.0
0.0
0.0
0.0
0.0
0.0
0.0
0.0
0.0
0.0
0.0
0.0
0.0
0.0
0.0
0.0
0.0
0.0
0.0
0.0
0.0
0.0
0.0
0.0
0.0
0.0
0.0
0.0
0.0
0.0
0.0
0.0
0.0
0.0
0.0
0.0
0.0
0.0
0.0
0.0
0.0
0.0
0.0
0.0
0.0
0.0
0.0
0.0
0.0
0.0
0.0
0.0
0.0
0.0
0.0
0.0
0.0
0.0
0.0
0.0
0.0
0.0
0.0
0.0
0.0
0.0
0.0
0.0
0.0
0.0
0.0
0.0
0.0
0.0
0.0
0.0
0.0
0.0
0.0
0.0
0.0
0.0
0.0
0.0
0.0
0.0
0.0
0.0
0.0
0.0
0.0
0.0
0.0
0.0
0.0
0.0
0.0
0.0
0.0
0.0
0.0
0.0
0.0
0.0
0.0
0.0
0.0
0.0
0.0
0.0
0.0
0.0
0.0
0.0
0.0
0.0
0.0
0.0
0.0
0.0
0.0
0.0
0.0
0.0
0.0
0.0
0.0
0.0
0.0
0.0
0.0
0.0
0.0
0.0
0.0
0.0
0.0
0.0
0.0
0.0
0.0
0.0
0.0
0.0
0.0
0.0
0.0
0.0
0.0
0.0
0.0
0.0
0.0
0.0
0.0
0.0
0.0
0.0
0.0
0.0
0.0
0.0
0.0
0.0
0.0
0.0
0.0
0.0
0.0
0.0
0.0
0.0
0.0
0.0
0.0
0.0
0.0
0.0
0.0
0.0
0.0
0.0
0.0
0.0
0.0
0.0
0.0
0.0
0.0
0.0
0.0
0.0
0.0
0.0
0.0
0.0
0.0
0.0
0.0
0.0
0.0
0.0
0.0
0.0
0.0
0.0
0.0
0.0
0.0
0.0
0.0
0.0
0.0
0.0
0.0
0.0
0.0
0.0
0.0
0.0
0.0
0.0
0.0
0.0
0.0
0.0
0.0
0.0
0.0
0.0
0.0
0.0
0.0
0.0
0.0
0.0
0.0
0.0
0.0
0.0
0.0
0.0
0.0
0.0
0.0
0.0
0.0
0.0
0.0
0.0
0.0
0.0
0.0
0.0
0.0
0.0
0.0
0.0
0.0
0.0
0.0
0.0
0.0
0.0
0.0
0.0
0.0
0.0
0.0
0.0
0.0
0.0
0.0
0.0
0.0
0.0
0.0
0.0
0.0
0.0
0.0
0.0
0.0
0.0
0.0
0.0
0.0
0.0
0.0
0.0
0.0
0.0
0.0
0.0
0.0
0.0
0.0
0.0
0.0
0.0
0.0
0.0
0.0
0.0
0.0
0.0
0.0
0.0
0.0
0.0
0.0
0.0
0.0
0.0
0.0
0.0
0.0
0.0
0.0
0.0
0.0
0.0
0.0
0.0
0.0
0.0
0.0
0.0
0.0
0.0
0.0
0.0
0.0
0.0
0.0
0.0
0.0
0.0
0.0
0.0
0.0
0.0
0.0
0.0
0.0
0.0
0.0
0.0
0.0
0.0
0.0
0.0
0.0
0.0
0.0
0.0
0.0
0.0
0.0
0.0
0.0
0.0
0.0
0.0
0.0
0.0
0.0
0.0
0.0
0.0
0.0
0.0
0.0
0.0
0.0
0.0
0.0
0.0
0.0
0.0
0.0
0.0
0.0
0.0
0.0
0.0
0.0
0.0
0.0
0.0
0.0
0.0
0.0
0.0
0.0
0.0
0.0
0.0
0.0
0.0
0.0
0.0
0.0
0.0
0.0
0.0
0.0
0.0
0.0
0.0
0.0
0.0
0.0
0.0
0.0
0.0
0.0
0.0
0.0
0.0
0.0
0.0
0.0
0.0
0.0
0.0
0.0
0.0
0.0
0.0
0.0
0.0
0.0
0.0
0.0
0.0
0.0
0.0
0.0
0.0
0.0
0.0
0.0
0.0
0.0
0.0
0.0
0.0
0.0
0.0
0.0
0.0
0.0
0.0
0.0
0.0
0.0
0.0
0.0
0.0
0.0
0.0
0.0
0.0
0.0
0.0
0.0
0.0
0.0
0.0
0.0
0.0
0.0
0.0
0.0
0.0
0.0
0.0
0.0
0.0
0.0
0.0
0.0
0.0
0.0
0.0
0.0
0.0
0.0
0.0
0.0
0.0
0.0
0.0
0.0
0.0
0.0
0.0
0.0
0.0
0.0
0.0
0.0
0.0
0.0
0.0
0.0
0.0
0.0
0.0
0.0
0.0
0.0
0.0
0.0
0.0
0.0
0.0
0.0
0.0
0.0
0.0
0.0
0.0
0.0
0.0
0.0
0.0
0.0
0.0
0.0
0.0
0.0
0.0
0.0
0.0
0.0
0.0
0.0
0.0
0.0
0.0
0.0
0.0
0.0
0.0
0.0
0.0
0.0
0.0
0.0
0.0
0.0
0.0
0.0
0.0
0.0
0.0
0.0
0.0
0.0
0.0
0.0
0.0
0.0
0.0
0.0
0.0
0.0
0.0
0.0
0.0
0.0
0.0
0.0
0.0
0.0
0.0
0.0
0.0
0.0
0.0
0.0
0.0
0.0
0.0
0.0
0.0
0.0
0.0
0.0
0.0
0.0
0.0
0.0
0.0
0.0
0.0
0.0
0.0
0.0
0.0
0.0
0.0
0.0
0.0
0.0
0.0
0.0
0.0
0.0
0.0
0.0
0.0
0.0
0.0
0.0
0.0
0.0
0.0
0.0
0.0
0.0
0.0
0.0
0.0
0.0
0.0
0.0
0.0
0.0
0.0
0.0
0.0
0.0
0.0
0.0
0.0
0.0
0.0
0.0
0.0
0.0
0.0
0.0
0.0
0.0
0.0
0.0
0.0
0.0
0.0
0.0
0.0
0.0
0.0
0.0
0.0
0.0
0.0
0.0
0.0
0.0
0.0
0.0
0.0
0.0
0.0
0.0
0.0
0.0
0.0
0.0
0.0
0.0
0.0
0.0
0.0
0.0
0.0
0.0
0.0
0.0
0.0
0.0
0.0
0.0
0.0
0.0
0.0
0.0
0.0
0.0
0.0
0.0
0.0
0.0
0.0
0.0
0.0
0.0
0.0
0.0
0.0
0.0
0.0
0.0
0.0
0.0
0.0
0.0
0.0
0.0
0.0
0.0
0.0
0.0
0.0
0.0
0.0
0.0
0.0
0.0
0.0
0.0
0.0
0.0
0.0
0.0
0.0
0.0
0.0
0.0
0.0
0.0
0.0
0.0
0.0
0.0
0.0
0.0
0.0
0.0
0.0
0.0
0.0
0.0
0.0
0.0
0.0
0.0
0.0
0.0
0.0
0.0
0.0
0.0
0.0
0.0
0.0
0.0
0.0
0.0
0.0
0.0
0.0
0.0
0.0
0.0
0.0
0.0
0.0
0.0
0.0
0.0
0.0
0.0
0.0
0.0
0.0
0.0
0.0
0.0
0.0
0.0
0.0
0.0
0.0
0.0
0.0
0.0
0.0
0.0
0.0
0.0
0.0
0.0
0.0
0.0
0.0
0.0
0.0
0.0
0.0
0.0
0.0
0.0
0.0
0.0
0.0
0.0
0.0
0.0
0.0
0.0
0.0
0.0
0.0
0.0
0.0
0.0
0.0
0.0
0.0
0.0
0.0
0.0
0.0
0.0
0.0
0.0
0.0
0.0
0.0
0.0
0.0
0.0
0.0
0.0
0.0
0.0
0.0
0.0
0.0
0.0
0.0
0.0
0.0
0.0
0.0
0.0
0.0
0.0
0.0
0.0
0.0
0.0
0.0
0.0
0.0
0.0
0.0
0.0
0.0
0.0
0.0
0.0
0.0
0.0
0.0
0.0
0.0
0.0
0.0
0.0
0.0
0.0
0.0
0.0
0.0
0.0
0.0
0.0
0.0
0.0
0.0
0.0
0.0
0.0
0.0
0.0
0.0
0.0
0.0
0.0
0.0
0.0
0.0
0.0
0.0
0.0
0.0
0.0
0.0
0.0
0.0
0.0
0.0
0.0
0.0
0.0
0.0
0.0
0.0
0.0
0.0
0.0
0.0
0.0
0.0
0.0
0.0
0.0
0.0
0.0
0.0
0.0
0.0
0.0
0.0
0.0
0.0
0.0
0.0
0.0
0.0
0.0
0.0
0.0
0.0
0.0
0.0
0.0
0.0
0.0
0.0
0.0
0.0
0.0
0.0
0.0
0.0
0.0
0.0
0.0
0.0
0.0
0.0
0.0
0.0
0.0
0.0
0.0
0.0
0.0
0.0
0.0
0.0
0.0
0.0
0.0
0.0
0.0
0.0
0.0
0.0
0.0
0.0
0.0
0.0
0.0
0.0
0.0
0.0
0.0
0.0
0.0
0.0
0.0
0.0
0.0
0.0
0.0
0.0
0.0
0.0
0.0
0.0
0.0
0.0
0.0
0.0
0.0
0.0
0.0
0.0
0.0
0.0
0.0
0.0
0.0
0.0
0.0
0.0
0.0
0.0
0.0
0.0
0.0
0.0
0.0
0.0
0.0
0.0
0.0
0.0
0.0
0.0
0.0
0.0
0.0
0.0
0.0
0.0
0.0
0.0
0.0
0.0
0.0
0.0
0.0
0.0
0.0
0.0
0.0
0.0
0.0
0.0
0.0
0.0
0.0
0.0
0.0
0.0
0.0
0.0
0.0
0.0
0.0
0.0
0.0
0.0
0.0
0.0
0.0
0.0
0.0
0.0
0.0
0.0
0.0
0.0
0.0
0.0
0.0
0.0
0.0
0.0
0.0
0.0
0.0
0.0
0.0
0.0
0.0
0.0
0.0
0.0
0.0
0.0
0.0
0.0
0.0
0.0
0.0
0.0
0.0
0.0
0.0
0.0
0.0
0.0
0.0
0.0
0.0
0.0
0.0
0.0
0.0
0.0
0.0
0.0
0.0
0.0
0.0
0.0
0.0
0.0
0.0
0.0
0.0
0.0
0.0
0.0
0.0
0.0
0.0
0.0
0.0
0.0
0.0
0.0
0.0
0.0
0.0
0.0
0.0
0.0
0.0
0.0
0.0
0.0
0.0
0.0
0.0
0.0
0.0
0.0
0.0
0.0
0.0
0.0
0.0
0.0
0.0
0.0
0.0
0.0
0.0
0.0
0.0
0.0
0.0
0.0
0.0
0.0
0.0
0.0
0.0
0.0
0.0
0.0
0.0
0.0
0.0
0.0
0.0
0.0
0.0
0.0
0.0
0.0
0.0
4.8987865448e-05
