7.94667005539e-05
0.000480539083481
8.46560001373e-05
9.69903469086e-05
8.69461297989e-05
9.08893346786e-05
0.000680452346802
9.25309658051e-05
9.40331220627e-05
9.92021560669e-05
0.000681415200233
0.000105228424072
0.000124163031578
0.000768145799637
0.000174603581429
0.000388796925545
0.000560031294823
0.000192029476166
0.000797334671021
0.000810534477234
0.000224478006363
0.000820451021194
0.000228174328804
0.000823976397514
0.000232162833214
0.000856384515762
0.000864302158356
0.000278121113777
0.000870382428169
0.000874234557152
0.000875488638878
0.000293683767319
0.000891881346703
0.000890626192093
0.000895103335381
0.000312003970146
0.000924127936363
0.000935785531998
0.000936543345451
0.000940914750099
0.00094310092926
0.000948770165443
0.000365292668343
0.0017529951334
0.00104952001572
0.000972753286362
0.000974719047546
0.000984772801399
0.000980302333832
0.000983195662498
0.000986405134201
0.00104292917252
0.00103010416031
0.00103069651127
0.00103706526756
0.00103687906265
0.00104226207733
0.00164624333382
0.00105475664139
0.00105826342106
0.0010604159832
0.00106186962128
0.00106482303143
0.00166660666466
0.00110364747047
0.00111116683483
0.00116521406174
0.00166956138611
0.00112348389626
0.00112184345722
0.00199848747253
0.00174954998493
0.00114209580421
0.00175538051128
0.00115380573273
0.00115485310555
0.00180556726456
0.00119583499432
0.0018147547245
0.0018208155632
0.00121196818352
0.00181952655315
0.00121473681927
0.00183755040169
0.0012260761261
0.00183621108532
0.00184224843979
0.00123410367966
0.0018503344059
0.00213078069687
0.00189384841919
0.00189679419994
0.00132852733135
0.00185823106766
0.00191078615189
0.00192352461815
0.00192026519775
0.00130772578716
0.00192684972286
0.00193383646011
0.00194284939766
0.00194901478291
0.00204290664196
0.00198807370663
0.00199478971958
0.0021260330677
0.00191952526569
0.00191368317604
0.00192642748356
0.00155418181419
0.00165061163902
0.00191495668888
0.00193281686306
0.00193743658066
0.00201593315601
0.00206399929523
0.00206875908375
0.00278932702541
0.00207477509975
0.0020858631134
0.00297034215927
0.00209938037395
0.00273913455009
0.00211343491077
0.00211458671093
0.00275406956673
0.002123016119
0.00216880571842
0.0028081099987
0.00216578996181
0.00281743586063
0.00218149983883
0.00378537964821
0.00218775188923
0.00284140181541
0.00237124168873
0.00268175518513
0.00287734019756
0.00223057079315
0.00291456890106
0.00294971776009
0.00295761537552
0.00296526515484
0.00311499452591
0.00296493709087
0.00297931444645
0.00298942220211
0.00298661768436
0.0029970304966
0.00300246405602
0.0029961616993
0.00300175261497
0.00300627160072
0.00386230075359
0.00306640791893
0.0030841896534
0.00307741558552
0.00375553262234
0.00308484470844
0.00309636604786
0.00384463572502
0.00314193165302
0.0039612402916
0.00382080841064
0.00314192128181
0.00384156394005
0.00320007765293
0.00387845396996
0.00319269216061
0.00392262172699
0.00483815658092
0.00320086920261
0.00390427434444
0.0039008191824
0.00321680283546
0.00391354656219
0.00390948975086
0.00390668082237
0.00423733735085
0.00396386063099
0.00395645976067
0.00395712268353
0.00395906746387
0.00395323395729
0.00398488140106
0.00415808534622
0.00389437544346
0.00378370726109
0.00331950950623
0.00389595246315
0.00317494237423
0.00391783869267
0.00394025301933
0.00414567577839
0.00395990753174
0.00397736263275
0.00402939653397
0.00478334712982
0.00408244597912
0.00408006560802
0.00491386330128
0.00399094355106
0.00396255385876
0.00396285915375
0.00400564455986
0.00401547718048
0.00412312614918
0.00564176595211
0.00504734957218
0.00500270807743
0.00499305450916
0.00498783636093
0.00498336529732
0.00513903641701
0.00495097243786
0.00493446648121
0.0049812335968
0.00496719741821
0.00467071735859
0.00553933060169
0.00494674801826
0.00495690083504
0.00498203027248
0.00497373390198
0.00496741175652
0.00515111672878
0.00493767845631
0.0049354698658
0.0049518020153
0.00488189923763
0.00455149400234
0.00569268143177
0.00505644249916
0.00499763894081
0.00501370573044
0.00501502358913
0.00501325011253
0.0059529504776
0.00503271019459
0.00532137227058
0.00548207473755
0.00505665767193
0.00510065758228
0.00594230651855
0.00508255648613
0.00579402685165
0.00513051021099
0.0050973495245
0.00624210000038
0.00593511497974
0.0059378246069
0.00517901110649
0.00589673161507
0.00609774649143
0.00594738590717
0.00599705481529
0.00599047684669
0.00600723314285
0.00688559603691
0.00600247061253
0.00593539214134
0.00528272128105
0.00593712294102
0.00685659706593
0.00607439482212
0.00601123297215
0.00602786636353
0.00606164669991
0.00721299052238
0.00667368292809
0.00609808933735
0.00632933866978
0.011309294939
0.0123146841526
0.0121276552677
0.0132192561626
0.0144100054502
0.0142305278778
0.0132489804029
0.01541921556
0.0143662714958
0.0149296528101
0.0149951920509
0.0159579075575
0.0129506368637
0.0124922901392
